0.000000e+00 1.923130e-19
5.000000e-11 1.923153e-19
1.000000e-10 1.923198e-19
1.500000e-10 1.923266e-19
2.000000e-10 1.923357e-19
2.500000e-10 1.923470e-19
3.000000e-10 1.923606e-19
3.500000e-10 1.923765e-19
4.000000e-10 1.923946e-19
4.500000e-10 1.924150e-19
5.000000e-10 1.924377e-19
5.500000e-10 1.924626e-19
6.000000e-10 1.924898e-19
6.500000e-10 1.925193e-19
7.000000e-10 1.925510e-19
7.500000e-10 1.925850e-19
8.000000e-10 1.926213e-19
8.500000e-10 1.926598e-19
9.000000e-10 1.927006e-19
9.500000e-10 1.927436e-19
1.000000e-09 1.927878e-19
1.050000e-09 1.928320e-19
1.100000e-09 1.928762e-19
1.150000e-09 1.929204e-19
1.200000e-09 1.929646e-19
1.250000e-09 1.930088e-19
1.300000e-09 1.930530e-19
1.350000e-09 1.930972e-19
1.400000e-09 1.931414e-19
1.450000e-09 1.931856e-19
1.500000e-09 1.932298e-19
1.550000e-09 1.932740e-19
1.600000e-09 1.933182e-19
1.650000e-09 1.933624e-19
1.700000e-09 1.934066e-19
1.750000e-09 1.934508e-19
1.800000e-09 1.934949e-19
1.850000e-09 1.935391e-19
1.900000e-09 1.935833e-19
1.950000e-09 1.936275e-19
2.000000e-09 1.936717e-19
2.050000e-09 1.937159e-19
2.100000e-09 1.937600e-19
2.150000e-09 1.938042e-19
2.200000e-09 1.938484e-19
2.250000e-09 1.938926e-19
2.300000e-09 1.939367e-19
2.350000e-09 1.939809e-19
2.400000e-09 1.940251e-19
2.450000e-09 1.940692e-19
2.500000e-09 1.941134e-19
2.550000e-09 1.941576e-19
2.600000e-09 1.942017e-19
2.650000e-09 1.942459e-19
2.700000e-09 1.942900e-19
2.750000e-09 1.943342e-19
2.800000e-09 1.943783e-19
2.850000e-09 1.944225e-19
2.900000e-09 1.944666e-19
2.950000e-09 1.945107e-19
3.000000e-09 1.945549e-19
3.050000e-09 1.945990e-19
3.100000e-09 1.946431e-19
3.150000e-09 1.946872e-19
3.200000e-09 1.947314e-19
3.250000e-09 1.947755e-19
3.300000e-09 1.948196e-19
3.350000e-09 1.948637e-19
3.400000e-09 1.949077e-19
3.450000e-09 1.949518e-19
3.500000e-09 1.949959e-19
3.550000e-09 1.950400e-19
3.600000e-09 1.950840e-19
3.650000e-09 1.951281e-19
3.700000e-09 1.951721e-19
3.750000e-09 1.952161e-19
3.800000e-09 1.952602e-19
3.850000e-09 1.953042e-19
3.900000e-09 1.953482e-19
3.950000e-09 1.953922e-19
4.000000e-09 1.954361e-19
4.050000e-09 1.954801e-19
4.100000e-09 1.955241e-19
4.150000e-09 1.955680e-19
4.200000e-09 1.956119e-19
4.250000e-09 1.956558e-19
4.300000e-09 1.956997e-19
4.350000e-09 1.957436e-19
4.400000e-09 1.957875e-19
4.450000e-09 1.958313e-19
4.500000e-09 1.958751e-19
4.550000e-09 1.959189e-19
4.600000e-09 1.959627e-19
4.650000e-09 1.960064e-19
4.700000e-09 1.960502e-19
4.750000e-09 1.960939e-19
4.800000e-09 1.961376e-19
4.850000e-09 1.961812e-19
4.900000e-09 1.962248e-19
4.950000e-09 1.962684e-19
5.000000e-09 1.963120e-19
5.050000e-09 1.963555e-19
5.100000e-09 1.963990e-19
5.150000e-09 1.964425e-19
5.200000e-09 1.964859e-19
5.250000e-09 1.965292e-19
5.300000e-09 1.965726e-19
5.350000e-09 1.966159e-19
5.400000e-09 1.966591e-19
5.450000e-09 1.967023e-19
5.500000e-09 1.967454e-19
5.550000e-09 1.967885e-19
5.600000e-09 1.968315e-19
5.650000e-09 1.968744e-19
5.700000e-09 1.969173e-19
5.750000e-09 1.969601e-19
5.800000e-09 1.970029e-19
5.850000e-09 1.970456e-19
5.900000e-09 1.970882e-19
5.950000e-09 1.971307e-19
6.000000e-09 1.971731e-19
6.050000e-09 1.972154e-19
6.100000e-09 1.972576e-19
6.150000e-09 1.972998e-19
6.200000e-09 1.973418e-19
6.250000e-09 1.973837e-19
6.300000e-09 1.974255e-19
6.350000e-09 1.974671e-19
6.400000e-09 1.975086e-19
6.450000e-09 1.975500e-19
6.500000e-09 1.975913e-19
6.550000e-09 1.976324e-19
6.600000e-09 1.976733e-19
6.650000e-09 1.977140e-19
6.700000e-09 1.977546e-19
6.750000e-09 1.977950e-19
6.800000e-09 1.978352e-19
6.850000e-09 1.978751e-19
6.900000e-09 1.979149e-19
6.950000e-09 1.979544e-19
7.000000e-09 1.979937e-19
7.050000e-09 1.980327e-19
7.100000e-09 1.980714e-19
7.150000e-09 1.981099e-19
7.200000e-09 1.981481e-19
7.250000e-09 1.981859e-19
7.300000e-09 1.982234e-19
7.350000e-09 1.982606e-19
7.400000e-09 1.982974e-19
7.450000e-09 1.983338e-19
7.500000e-09 1.983698e-19
7.550000e-09 1.984053e-19
7.600000e-09 1.984404e-19
7.650000e-09 1.984750e-19
7.700000e-09 1.985091e-19
7.750000e-09 1.985427e-19
7.800000e-09 1.985758e-19
7.850000e-09 1.986082e-19
7.900000e-09 1.986400e-19
7.950000e-09 1.986712e-19
8.000000e-09 1.545069e-19
8.050000e-09 1.545345e-19
8.100000e-09 1.545615e-19
8.150000e-09 1.545877e-19
8.200000e-09 1.546132e-19
8.250000e-09 1.546378e-19
8.300000e-09 1.546617e-19
8.350000e-09 1.546847e-19
8.400000e-09 1.547069e-19
8.450000e-09 1.547282e-19
8.500000e-09 1.547485e-19
8.550000e-09 1.547680e-19
8.600000e-09 1.547864e-19
8.650000e-09 1.548039e-19
8.700000e-09 1.548204e-19
8.750000e-09 1.548358e-19
8.800000e-09 1.548502e-19
8.850000e-09 1.548635e-19
8.900000e-09 1.548758e-19
8.950000e-09 1.548870e-19
9.000000e-09 1.548970e-19
9.050000e-09 1.549059e-19
9.100000e-09 1.549137e-19
9.150000e-09 1.549204e-19
9.200000e-09 1.549259e-19
9.250000e-09 1.549302e-19
9.300000e-09 1.549333e-19
9.350000e-09 1.549353e-19
9.400000e-09 1.549361e-19
9.450000e-09 1.549357e-19
9.500000e-09 1.549342e-19
9.550000e-09 1.549314e-19
9.600000e-09 1.549275e-19
9.650000e-09 1.549224e-19
9.700000e-09 1.549162e-19
9.750000e-09 1.549087e-19
9.800000e-09 1.549002e-19
9.850000e-09 1.548904e-19
9.900000e-09 1.548796e-19
9.950000e-09 1.548676e-19
1.000000e-08 1.548544e-19
1.005000e-08 1.548402e-19
1.010000e-08 1.548250e-19
1.015000e-08 1.548086e-19
1.020000e-08 1.547912e-19
1.025000e-08 1.547728e-19
1.030000e-08 1.547533e-19
1.035000e-08 1.547329e-19
1.040000e-08 1.547115e-19
1.045000e-08 1.546892e-19
1.050000e-08 1.546660e-19
1.055000e-08 1.546418e-19
1.060000e-08 1.546168e-19
1.065000e-08 1.545910e-19
1.070000e-08 1.545643e-19
1.075000e-08 1.545369e-19
1.080000e-08 1.545086e-19
1.085000e-08 1.544797e-19
1.090000e-08 1.544501e-19
1.095000e-08 1.544197e-19
1.100000e-08 1.985791e-19
1.105000e-08 1.985451e-19
1.110000e-08 1.985105e-19
1.115000e-08 1.984753e-19
1.120000e-08 1.984396e-19
1.125000e-08 1.984033e-19
1.130000e-08 1.983665e-19
1.135000e-08 1.983292e-19
1.140000e-08 1.982915e-19
1.145000e-08 1.982533e-19
1.150000e-08 1.982148e-19
1.155000e-08 1.981758e-19
1.160000e-08 1.981364e-19
1.165000e-08 1.980968e-19
1.170000e-08 1.980567e-19
1.175000e-08 1.980164e-19
1.180000e-08 1.979757e-19
1.185000e-08 1.979348e-19
1.190000e-08 1.978936e-19
1.195000e-08 1.978521e-19
1.200000e-08 1.978104e-19
1.205000e-08 1.977684e-19
1.210000e-08 1.977262e-19
1.215000e-08 1.976839e-19
1.220000e-08 1.976413e-19
1.225000e-08 1.975985e-19
1.230000e-08 1.975555e-19
1.235000e-08 1.975124e-19
1.240000e-08 1.974691e-19
1.245000e-08 1.974256e-19
1.250000e-08 1.973820e-19
1.255000e-08 1.973383e-19
1.260000e-08 1.972944e-19
1.265000e-08 1.972504e-19
1.270000e-08 1.972063e-19
1.275000e-08 1.971620e-19
1.280000e-08 1.971177e-19
1.285000e-08 1.970732e-19
1.290000e-08 1.970286e-19
1.295000e-08 1.969840e-19
1.300000e-08 1.969393e-19
1.305000e-08 1.968944e-19
1.310000e-08 1.968495e-19
1.315000e-08 1.968045e-19
1.320000e-08 1.967595e-19
1.325000e-08 1.967144e-19
1.330000e-08 1.966692e-19
1.335000e-08 1.966239e-19
1.340000e-08 1.965786e-19
1.345000e-08 1.965332e-19
1.350000e-08 1.964878e-19
1.355000e-08 1.964423e-19
1.360000e-08 1.963968e-19
1.365000e-08 1.963512e-19
1.370000e-08 1.963056e-19
1.375000e-08 1.962599e-19
1.380000e-08 1.962142e-19
1.385000e-08 1.961685e-19
1.390000e-08 1.961227e-19
1.395000e-08 1.960769e-19
1.400000e-08 1.960311e-19
1.405000e-08 1.959852e-19
1.410000e-08 1.959393e-19
1.415000e-08 1.958934e-19
1.420000e-08 1.958474e-19
1.425000e-08 1.958014e-19
1.430000e-08 1.957554e-19
1.435000e-08 1.957094e-19
1.440000e-08 1.956633e-19
1.445000e-08 1.956173e-19
1.450000e-08 1.955712e-19
1.455000e-08 1.955250e-19
1.460000e-08 1.954789e-19
1.465000e-08 1.954328e-19
1.470000e-08 1.953866e-19
1.475000e-08 1.953404e-19
1.480000e-08 1.952942e-19
1.485000e-08 1.952480e-19
1.490000e-08 1.952018e-19
1.495000e-08 1.951555e-19
1.500000e-08 1.951093e-19
1.505000e-08 1.950630e-19
1.510000e-08 1.950168e-19
1.515000e-08 1.949705e-19
1.520000e-08 1.949242e-19
1.525000e-08 1.948779e-19
1.530000e-08 1.948316e-19
1.535000e-08 1.947852e-19
1.540000e-08 1.947389e-19
1.545000e-08 1.946926e-19
1.550000e-08 1.946462e-19
1.555000e-08 1.945999e-19
1.560000e-08 1.945535e-19
1.565000e-08 1.945072e-19
1.570000e-08 1.944608e-19
1.575000e-08 1.944144e-19
1.580000e-08 1.943681e-19
1.585000e-08 1.943217e-19
1.590000e-08 1.942753e-19
1.595000e-08 1.942289e-19
1.600000e-08 1.941825e-19
1.605000e-08 1.941361e-19
1.610000e-08 1.940897e-19
1.615000e-08 1.940433e-19
1.620000e-08 1.939969e-19
1.625000e-08 1.939504e-19
1.630000e-08 1.939040e-19
1.635000e-08 1.938576e-19
1.640000e-08 1.938112e-19
1.645000e-08 1.937647e-19
1.650000e-08 1.937183e-19
1.655000e-08 1.936719e-19
1.660000e-08 1.936254e-19
1.665000e-08 1.935790e-19
1.670000e-08 1.935326e-19
1.675000e-08 1.934861e-19
1.680000e-08 1.934397e-19
1.685000e-08 1.933932e-19
1.690000e-08 1.933468e-19
1.695000e-08 1.933003e-19
1.700000e-08 1.932539e-19
1.705000e-08 1.932074e-19
1.710000e-08 1.931610e-19
1.715000e-08 1.931145e-19
1.720000e-08 1.930681e-19
1.725000e-08 1.930216e-19
1.730000e-08 1.929752e-19
1.735000e-08 1.929287e-19
1.740000e-08 1.928822e-19
1.745000e-08 1.928358e-19
1.750000e-08 1.927893e-19
1.755000e-08 1.927429e-19
1.760000e-08 1.926964e-19
1.765000e-08 1.926499e-19
1.770000e-08 1.926035e-19
1.775000e-08 1.925570e-19
1.780000e-08 1.925105e-19
1.785000e-08 1.924641e-19
1.790000e-08 1.924176e-19
1.795000e-08 1.923712e-19
1.800000e-08 1.923258e-19
1.805000e-08 1.922828e-19
1.810000e-08 1.922420e-19
1.815000e-08 1.922034e-19
1.820000e-08 1.921672e-19
1.825000e-08 1.921332e-19
1.830000e-08 1.921014e-19
1.835000e-08 1.920720e-19
1.840000e-08 1.920448e-19
1.845000e-08 1.920198e-19
1.850000e-08 1.919972e-19
1.855000e-08 1.919768e-19
1.860000e-08 1.919586e-19
1.865000e-08 1.919428e-19
1.870000e-08 1.919292e-19
1.875000e-08 1.919178e-19
1.880000e-08 1.919088e-19
1.885000e-08 1.919020e-19
1.890000e-08 1.918974e-19
1.895000e-08 1.918952e-19
