0.000000e+00 0.000000e+00 0.000000e+00
5.000000e-11 8.507709e-05 1.215910e-03
1.000000e-10 1.701969e-04 2.431351e-03
1.500000e-10 2.554026e-04 3.645860e-03
2.000000e-10 3.407373e-04 4.858974e-03
2.500000e-10 4.262446e-04 6.070235e-03
3.000000e-10 5.119678e-04 7.279182e-03
3.500000e-10 5.979506e-04 8.485361e-03
4.000000e-10 6.842371e-04 9.688319e-03
4.500000e-10 7.708715e-04 1.088761e-02
5.000000e-10 8.578983e-04 1.208278e-02
5.500000e-10 9.453625e-04 1.327339e-02
6.000000e-10 1.033309e-03 1.445902e-02
6.500000e-10 1.121785e-03 1.563922e-02
7.000000e-10 1.210835e-03 1.681357e-02
7.500000e-10 1.300506e-03 1.798166e-02
8.000000e-10 1.390847e-03 1.914307e-02
8.500000e-10 1.481904e-03 2.029740e-02
9.000000e-10 1.573727e-03 2.144426e-02
9.500000e-10 1.666364e-03 2.258325e-02
1.000000e-09 1.759867e-03 2.371400e-02
1.050000e-09 1.854286e-03 2.483614e-02
1.100000e-09 1.949674e-03 2.594932e-02
1.150000e-09 2.046085e-03 2.705318e-02
1.200000e-09 2.143571e-03 2.814740e-02
1.250000e-09 2.242189e-03 2.923162e-02
1.300000e-09 2.341993e-03 3.030552e-02
1.350000e-09 2.443041e-03 3.136879e-02
1.400000e-09 2.545389e-03 3.242110e-02
1.450000e-09 2.649096e-03 3.346216e-02
1.500000e-09 2.754222e-03 3.449166e-02
1.550000e-09 2.860827e-03 3.550932e-02
1.600000e-09 2.968973e-03 3.651484e-02
1.650000e-09 3.078723e-03 3.750796e-02
1.700000e-09 3.190139e-03 3.848840e-02
1.750000e-09 3.303288e-03 3.945590e-02
1.800000e-09 3.418236e-03 4.041022e-02
1.850000e-09 3.535049e-03 4.135109e-02
1.900000e-09 3.653798e-03 4.227830e-02
1.950000e-09 3.774553e-03 4.319159e-02
2.000000e-09 3.897384e-03 4.409075e-02
2.050000e-09 4.022366e-03 4.497557e-02
2.100000e-09 4.149573e-03 4.584584e-02
2.150000e-09 4.279082e-03 4.670135e-02
2.200000e-09 4.410969e-03 4.754191e-02
2.250000e-09 4.545315e-03 4.836733e-02
2.300000e-09 4.682202e-03 4.917745e-02
2.350000e-09 4.821711e-03 4.997208e-02
2.400000e-09 4.963929e-03 5.075107e-02
2.450000e-09 5.108941e-03 5.151425e-02
2.500000e-09 5.256838e-03 5.226148e-02
2.550000e-09 5.407708e-03 5.299263e-02
2.600000e-09 5.561646e-03 5.370755e-02
2.650000e-09 5.718746e-03 5.440612e-02
2.700000e-09 5.879105e-03 5.508822e-02
2.750000e-09 6.042824e-03 5.575374e-02
2.800000e-09 6.210003e-03 5.640257e-02
2.850000e-09 6.380748e-03 5.703462e-02
2.900000e-09 6.555164e-03 5.764980e-02
2.950000e-09 6.733361e-03 5.824802e-02
3.000000e-09 6.915452e-03 5.882921e-02
3.050000e-09 7.101551e-03 5.939329e-02
3.100000e-09 7.291775e-03 5.994021e-02
3.150000e-09 7.486244e-03 6.046990e-02
3.200000e-09 7.685084e-03 6.098232e-02
3.250000e-09 7.888418e-03 6.147743e-02
3.300000e-09 8.096378e-03 6.195519e-02
3.350000e-09 8.309097e-03 6.241556e-02
3.400000e-09 8.526709e-03 6.285853e-02
3.450000e-09 8.749356e-03 6.328408e-02
3.500000e-09 8.977181e-03 6.369219e-02
3.550000e-09 9.210329e-03 6.408287e-02
3.600000e-09 9.448952e-03 6.445610e-02
3.650000e-09 9.693205e-03 6.481191e-02
3.700000e-09 9.943246e-03 6.515030e-02
3.750000e-09 1.019924e-02 6.547129e-02
3.800000e-09 1.046135e-02 6.577490e-02
3.850000e-09 1.072974e-02 6.606117e-02
3.900000e-09 1.100460e-02 6.633012e-02
3.950000e-09 1.128611e-02 6.658180e-02
4.000000e-09 1.157445e-02 6.681626e-02
4.050000e-09 1.186980e-02 6.703355e-02
4.100000e-09 1.217237e-02 6.723371e-02
4.150000e-09 1.248236e-02 6.741682e-02
4.200000e-09 1.279996e-02 6.758294e-02
4.250000e-09 1.312539e-02 6.773213e-02
4.300000e-09 1.345888e-02 6.786448e-02
4.350000e-09 1.380063e-02 6.798007e-02
4.400000e-09 1.415088e-02 6.807897e-02
4.450000e-09 1.450986e-02 6.816128e-02
4.500000e-09 1.487781e-02 6.822708e-02
4.550000e-09 1.525498e-02 6.827648e-02
4.600000e-09 1.564163e-02 6.830958e-02
4.650000e-09 1.603801e-02 6.832648e-02
4.700000e-09 1.644440e-02 6.832729e-02
4.750000e-09 1.686106e-02 6.831213e-02
4.800000e-09 1.728828e-02 6.828110e-02
4.850000e-09 1.772635e-02 6.823433e-02
4.900000e-09 1.817557e-02 6.817193e-02
4.950000e-09 1.863624e-02 6.809405e-02
5.000000e-09 1.910868e-02 6.800080e-02
5.050000e-09 1.959321e-02 6.789232e-02
5.100000e-09 2.009017e-02 6.776874e-02
5.150000e-09 2.059990e-02 6.763021e-02
5.200000e-09 2.112274e-02 6.747685e-02
5.250000e-09 2.165905e-02 6.730882e-02
5.300000e-09 2.220922e-02 6.712626e-02
5.350000e-09 2.277361e-02 6.692933e-02
5.400000e-09 2.335262e-02 6.671816e-02
5.450000e-09 2.394665e-02 6.649291e-02
5.500000e-09 2.455611e-02 6.625375e-02
5.550000e-09 2.518144e-02 6.600081e-02
5.600000e-09 2.582305e-02 6.573428e-02
5.650000e-09 2.648141e-02 6.545429e-02
5.700000e-09 2.715697e-02 6.516102e-02
5.750000e-09 2.785021e-02 6.485464e-02
5.800000e-09 2.856161e-02 6.453530e-02
5.850000e-09 2.929167e-02 6.420317e-02
5.900000e-09 3.004091e-02 6.385842e-02
5.950000e-09 3.080986e-02 6.350123e-02
6.000000e-09 3.159906e-02 6.313175e-02
6.050000e-09 3.240907e-02 6.275017e-02
6.100000e-09 3.324046e-02 6.235665e-02
6.150000e-09 3.409383e-02 6.195136e-02
6.200000e-09 3.496978e-02 6.153449e-02
6.250000e-09 3.586893e-02 6.110620e-02
6.300000e-09 3.679193e-02 6.066667e-02
6.350000e-09 3.773943e-02 6.021607e-02
6.400000e-09 3.871212e-02 5.975459e-02
6.450000e-09 3.971069e-02 5.928239e-02
6.500000e-09 4.073585e-02 5.879965e-02
6.550000e-09 4.178835e-02 5.830655e-02
6.600000e-09 4.286894e-02 5.780326e-02
6.650000e-09 4.397840e-02 5.728996e-02
6.700000e-09 4.511753e-02 5.676683e-02
6.750000e-09 4.628716e-02 5.623404e-02
6.800000e-09 4.748813e-02 5.569176e-02
6.850000e-09 4.872131e-02 5.514017e-02
6.900000e-09 4.998760e-02 5.457944e-02
6.950000e-09 5.128791e-02 5.400976e-02
7.000000e-09 5.262319e-02 5.343128e-02
7.050000e-09 5.399442e-02 5.284418e-02
7.100000e-09 5.540260e-02 5.224863e-02
7.150000e-09 5.684874e-02 5.164481e-02
7.200000e-09 5.833392e-02 5.103288e-02
7.250000e-09 5.985921e-02 5.041301e-02
7.300000e-09 6.142574e-02 4.978537e-02
7.350000e-09 6.303465e-02 4.915011e-02
7.400000e-09 6.468713e-02 4.850742e-02
7.450000e-09 6.638438e-02 4.785744e-02
7.500000e-09 6.812766e-02 4.720035e-02
7.550000e-09 6.991825e-02 4.653630e-02
7.600000e-09 7.175748e-02 4.586545e-02
7.650000e-09 7.364668e-02 4.518796e-02
7.700000e-09 7.558727e-02 4.450398e-02
7.750000e-09 7.758068e-02 4.381367e-02
7.800000e-09 7.962837e-02 4.311717e-02
7.850000e-09 8.173186e-02 4.241465e-02
7.900000e-09 8.389271e-02 4.170625e-02
7.950000e-09 8.611252e-02 4.099211e-02
8.000000e-09 8.824511e-02 4.031484e-02
8.050000e-09 9.017487e-02 3.961939e-02
8.100000e-09 9.204852e-02 3.886437e-02
8.150000e-09 9.386500e-02 3.805096e-02
8.200000e-09 9.562328e-02 3.718043e-02
8.250000e-09 9.732234e-02 3.625412e-02
8.300000e-09 9.896124e-02 3.527347e-02
8.350000e-09 1.005390e-01 3.423998e-02
8.400000e-09 1.020549e-01 3.315523e-02
8.450000e-09 1.035079e-01 3.202088e-02
8.500000e-09 1.048972e-01 3.083866e-02
8.550000e-09 1.062221e-01 2.961035e-02
8.600000e-09 1.074819e-01 2.833783e-02
8.650000e-09 1.086758e-01 2.702300e-02
8.700000e-09 1.098032e-01 2.566786e-02
8.750000e-09 1.108635e-01 2.427444e-02
8.800000e-09 1.118561e-01 2.284484e-02
8.850000e-09 1.127803e-01 2.138120e-02
8.900000e-09 1.136358e-01 1.988571e-02
8.950000e-09 1.144221e-01 1.836062e-02
9.000000e-09 1.151386e-01 1.680819e-02
9.050000e-09 1.157851e-01 1.523075e-02
9.100000e-09 1.163611e-01 1.363065e-02
9.150000e-09 1.168665e-01 1.201026e-02
9.200000e-09 1.173007e-01 1.037201e-02
9.250000e-09 1.176637e-01 8.718336e-03
9.300000e-09 1.179553e-01 7.051687e-03
9.350000e-09 1.181752e-01 5.374546e-03
9.400000e-09 1.183233e-01 3.689403e-03
9.450000e-09 1.183996e-01 1.998763e-03
9.500000e-09 1.184041e-01 3.051375e-04
9.550000e-09 1.183366e-01 -1.388959e-03
9.600000e-09 1.181972e-01 -3.081009e-03
9.650000e-09 1.179861e-01 -4.768497e-03
9.700000e-09 1.177032e-01 -6.448917e-03
9.750000e-09 1.173489e-01 -8.119768e-03
9.800000e-09 1.169231e-01 -9.778565e-03
9.850000e-09 1.164262e-01 -1.142284e-02
9.900000e-09 1.158584e-01 -1.305014e-02
9.950000e-09 1.152201e-01 -1.465804e-02
1.000000e-08 1.145115e-01 -1.624413e-02
1.005000e-08 1.137330e-01 -1.780606e-02
1.010000e-08 1.128851e-01 -1.934148e-02
1.015000e-08 1.119683e-01 -2.084809e-02
1.020000e-08 1.109829e-01 -2.232364e-02
1.025000e-08 1.099295e-01 -2.376590e-02
1.030000e-08 1.088088e-01 -2.517271e-02
1.035000e-08 1.076213e-01 -2.654194e-02
1.040000e-08 1.063676e-01 -2.787153e-02
1.045000e-08 1.050485e-01 -2.915946e-02
1.050000e-08 1.036647e-01 -3.040378e-02
1.055000e-08 1.022170e-01 -3.160259e-02
1.060000e-08 1.007060e-01 -3.275408e-02
1.065000e-08 9.913280e-02 -3.385647e-02
1.070000e-08 9.749813e-02 -3.490808e-02
1.075000e-08 9.580294e-02 -3.590729e-02
1.080000e-08 9.404819e-02 -3.685255e-02
1.085000e-08 9.223486e-02 -3.774240e-02
1.090000e-08 9.036399e-02 -3.857546e-02
1.095000e-08 8.843665e-02 -3.935041e-02
1.100000e-08 8.630628e-02 -4.011391e-02
1.105000e-08 8.408877e-02 -4.091969e-02
1.110000e-08 8.193010e-02 -4.171972e-02
1.115000e-08 7.982866e-02 -4.251384e-02
1.120000e-08 7.778292e-02 -4.330187e-02
1.125000e-08 7.579134e-02 -4.408366e-02
1.130000e-08 7.385247e-02 -4.485903e-02
1.135000e-08 7.196487e-02 -4.562780e-02
1.140000e-08 7.012714e-02 -4.638980e-02
1.145000e-08 6.833794e-02 -4.714486e-02
1.150000e-08 6.659594e-02 -4.789278e-02
1.155000e-08 6.489987e-02 -4.863339e-02
1.160000e-08 6.324847e-02 -4.936651e-02
1.165000e-08 6.164054e-02 -5.009196e-02
1.170000e-08 6.007490e-02 -5.080953e-02
1.175000e-08 5.855039e-02 -5.151905e-02
1.180000e-08 5.706591e-02 -5.222033e-02
1.185000e-08 5.562037e-02 -5.291318e-02
1.190000e-08 5.421271e-02 -5.359740e-02
1.195000e-08 5.284192e-02 -5.427279e-02
1.200000e-08 5.150698e-02 -5.493918e-02
1.205000e-08 5.020694e-02 -5.559635e-02
1.210000e-08 4.894084e-02 -5.624411e-02
1.215000e-08 4.770777e-02 -5.688226e-02
1.220000e-08 4.650684e-02 -5.751062e-02
1.225000e-08 4.533718e-02 -5.812896e-02
1.230000e-08 4.419794e-02 -5.873710e-02
1.235000e-08 4.308830e-02 -5.933484e-02
1.240000e-08 4.200747e-02 -5.992196e-02
1.245000e-08 4.095466e-02 -6.049828e-02
1.250000e-08 3.992912e-02 -6.106359e-02
1.255000e-08 3.893012e-02 -6.161769e-02
1.260000e-08 3.795695e-02 -6.216037e-02
1.265000e-08 3.700890e-02 -6.269143e-02
1.270000e-08 3.608529e-02 -6.321067e-02
1.275000e-08 3.518549e-02 -6.371789e-02
1.280000e-08 3.430883e-02 -6.421289e-02
1.285000e-08 3.345470e-02 -6.469546e-02
1.290000e-08 3.262250e-02 -6.516541e-02
1.295000e-08 3.181164e-02 -6.562253e-02
1.300000e-08 3.102154e-02 -6.606662e-02
1.305000e-08 3.025165e-02 -6.649749e-02
1.310000e-08 2.950142e-02 -6.691494e-02
1.315000e-08 2.877033e-02 -6.731877e-02
1.320000e-08 2.805786e-02 -6.770878e-02
1.325000e-08 2.736352e-02 -6.808479e-02
1.330000e-08 2.668682e-02 -6.844659e-02
1.335000e-08 2.602728e-02 -6.879401e-02
1.340000e-08 2.538446e-02 -6.912684e-02
1.345000e-08 2.475789e-02 -6.944490e-02
1.350000e-08 2.414716e-02 -6.974800e-02
1.355000e-08 2.355182e-02 -7.003596e-02
1.360000e-08 2.297148e-02 -7.030860e-02
1.365000e-08 2.240573e-02 -7.056574e-02
1.370000e-08 2.185418e-02 -7.080720e-02
1.375000e-08 2.131645e-02 -7.103280e-02
1.380000e-08 2.079217e-02 -7.124238e-02
1.385000e-08 2.028098e-02 -7.143576e-02
1.390000e-08 1.978254e-02 -7.161278e-02
1.395000e-08 1.929650e-02 -7.177327e-02
1.400000e-08 1.882254e-02 -7.191707e-02
1.405000e-08 1.836032e-02 -7.204402e-02
1.410000e-08 1.790953e-02 -7.215398e-02
1.415000e-08 1.746988e-02 -7.224679e-02
1.420000e-08 1.704106e-02 -7.232229e-02
1.425000e-08 1.662278e-02 -7.238036e-02
1.430000e-08 1.621477e-02 -7.242084e-02
1.435000e-08 1.581674e-02 -7.244361e-02
1.440000e-08 1.542843e-02 -7.244853e-02
1.445000e-08 1.504958e-02 -7.243548e-02
1.450000e-08 1.467994e-02 -7.240433e-02
1.455000e-08 1.431926e-02 -7.235496e-02
1.460000e-08 1.396730e-02 -7.228726e-02
1.465000e-08 1.362382e-02 -7.220112e-02
1.470000e-08 1.328860e-02 -7.209643e-02
1.475000e-08 1.296142e-02 -7.197311e-02
1.480000e-08 1.264207e-02 -7.183104e-02
1.485000e-08 1.233032e-02 -7.167015e-02
1.490000e-08 1.202598e-02 -7.149035e-02
1.495000e-08 1.172884e-02 -7.129156e-02
1.500000e-08 1.143871e-02 -7.107372e-02
1.505000e-08 1.115541e-02 -7.083674e-02
1.510000e-08 1.087875e-02 -7.058057e-02
1.515000e-08 1.060854e-02 -7.030517e-02
1.520000e-08 1.034461e-02 -7.001047e-02
1.525000e-08 1.008680e-02 -6.969643e-02
1.530000e-08 9.834930e-03 -6.936302e-02
1.535000e-08 9.588843e-03 -6.901021e-02
1.540000e-08 9.348381e-03 -6.863798e-02
1.545000e-08 9.113388e-03 -6.824630e-02
1.550000e-08 8.883715e-03 -6.783517e-02
1.555000e-08 8.659215e-03 -6.740459e-02
1.560000e-08 8.439744e-03 -6.695455e-02
1.565000e-08 8.225164e-03 -6.648508e-02
1.570000e-08 8.015338e-03 -6.599617e-02
1.575000e-08 7.810134e-03 -6.548787e-02
1.580000e-08 7.609423e-03 -6.496021e-02
1.585000e-08 7.413076e-03 -6.441322e-02
1.590000e-08 7.220973e-03 -6.384694e-02
1.595000e-08 7.032992e-03 -6.326145e-02
1.600000e-08 6.849016e-03 -6.265679e-02
1.605000e-08 6.668930e-03 -6.203305e-02
1.610000e-08 6.492622e-03 -6.139029e-02
1.615000e-08 6.319984e-03 -6.072860e-02
1.620000e-08 6.150908e-03 -6.004809e-02
1.625000e-08 5.985290e-03 -5.934885e-02
1.630000e-08 5.823029e-03 -5.863098e-02
1.635000e-08 5.664024e-03 -5.789462e-02
1.640000e-08 5.508180e-03 -5.713989e-02
1.645000e-08 5.355400e-03 -5.636692e-02
1.650000e-08 5.205593e-03 -5.557586e-02
1.655000e-08 5.058666e-03 -5.476686e-02
1.660000e-08 4.914532e-03 -5.394008e-02
1.665000e-08 4.773104e-03 -5.309569e-02
1.670000e-08 4.634297e-03 -5.223387e-02
1.675000e-08 4.498027e-03 -5.135480e-02
1.680000e-08 4.364214e-03 -5.045869e-02
1.685000e-08 4.232777e-03 -4.954573e-02
1.690000e-08 4.103640e-03 -4.861614e-02
1.695000e-08 3.976725e-03 -4.767014e-02
1.700000e-08 3.851958e-03 -4.670796e-02
1.705000e-08 3.729265e-03 -4.572984e-02
1.710000e-08 3.608576e-03 -4.473602e-02
1.715000e-08 3.489819e-03 -4.372677e-02
1.720000e-08 3.372926e-03 -4.270235e-02
1.725000e-08 3.257829e-03 -4.166303e-02
1.730000e-08 3.144461e-03 -4.060910e-02
1.735000e-08 3.032758e-03 -3.954084e-02
1.740000e-08 2.922656e-03 -3.845857e-02
1.745000e-08 2.814091e-03 -3.736258e-02
1.750000e-08 2.707003e-03 -3.625320e-02
1.755000e-08 2.601331e-03 -3.513075e-02
1.760000e-08 2.497015e-03 -3.399557e-02
1.765000e-08 2.393996e-03 -3.284800e-02
1.770000e-08 2.292218e-03 -3.168839e-02
1.775000e-08 2.191624e-03 -3.051711e-02
1.780000e-08 2.092157e-03 -2.933452e-02
1.785000e-08 1.993764e-03 -2.814099e-02
1.790000e-08 1.896390e-03 -2.693693e-02
1.795000e-08 1.799982e-03 -2.572271e-02
1.800000e-08 1.704487e-03 -2.449874e-02
1.805000e-08 1.609856e-03 -2.326544e-02
1.810000e-08 1.516037e-03 -2.202324e-02
1.815000e-08 1.422981e-03 -2.077259e-02
1.820000e-08 1.330641e-03 -1.951392e-02
1.825000e-08 1.238968e-03 -1.824770e-02
1.830000e-08 1.147915e-03 -1.697440e-02
1.835000e-08 1.057435e-03 -1.569448e-02
1.840000e-08 9.674823e-04 -1.440843e-02
1.845000e-08 8.780110e-04 -1.311673e-02
1.850000e-08 7.889760e-04 -1.181988e-02
1.855000e-08 7.003325e-04 -1.051837e-02
1.860000e-08 6.120360e-04 -9.212715e-03
1.865000e-08 5.240423e-04 -7.903415e-03
1.870000e-08 4.363077e-04 -6.590984e-03
1.875000e-08 3.487885e-04 -5.275938e-03
1.880000e-08 2.614413e-04 -3.958795e-03
1.885000e-08 1.742229e-04 -2.640076e-03
1.890000e-08 8.709016e-05 -1.320303e-03
1.895000e-08 -2.933704e-13 -1.510942e-14
