0.000000e+00 -8.943948e-08
1.000000e-11 1.501919e+05
2.000000e-11 3.003838e+05
3.000000e-11 4.505757e+05
4.000000e-11 6.007675e+05
5.000000e-11 7.509594e+05
6.000000e-11 9.011511e+05
7.000000e-11 1.051343e+06
8.000000e-11 1.201535e+06
9.000000e-11 1.351726e+06
1.000000e-10 1.501918e+06
1.100000e-10 1.652109e+06
1.200000e-10 1.802300e+06
1.300000e-10 1.952492e+06
1.400000e-10 2.102683e+06
1.500000e-10 2.252874e+06
1.600000e-10 2.403065e+06
1.700000e-10 2.553255e+06
1.800000e-10 2.703446e+06
1.900000e-10 2.853636e+06
2.000000e-10 3.003827e+06
2.100000e-10 3.154017e+06
2.200000e-10 3.304207e+06
2.300000e-10 3.454397e+06
2.400000e-10 3.604586e+06
2.500000e-10 3.754775e+06
2.600000e-10 3.904964e+06
2.700000e-10 4.055153e+06
2.800000e-10 4.205342e+06
2.900000e-10 4.355530e+06
3.000000e-10 4.505719e+06
3.100000e-10 4.655907e+06
3.200000e-10 4.806094e+06
3.300000e-10 4.956282e+06
3.400000e-10 5.106469e+06
3.500000e-10 5.256655e+06
3.600000e-10 5.406842e+06
3.700000e-10 5.557028e+06
3.800000e-10 5.707214e+06
3.900000e-10 5.857399e+06
4.000000e-10 6.007585e+06
4.100000e-10 6.157769e+06
4.200000e-10 6.307954e+06
4.300000e-10 6.458138e+06
4.400000e-10 6.608322e+06
4.500000e-10 6.758505e+06
4.600000e-10 6.908688e+06
4.700000e-10 7.058870e+06
4.800000e-10 7.209052e+06
4.900000e-10 7.359234e+06
5.000000e-10 7.509415e+06
5.100000e-10 7.659596e+06
5.200000e-10 7.809777e+06
5.300000e-10 7.959956e+06
5.400000e-10 8.110136e+06
5.500000e-10 8.260315e+06
5.600000e-10 8.410493e+06
5.700000e-10 8.560671e+06
5.800000e-10 8.710849e+06
5.900000e-10 8.861025e+06
6.000000e-10 9.011202e+06
6.100000e-10 9.161378e+06
6.200000e-10 9.311553e+06
6.300000e-10 9.461728e+06
6.400000e-10 9.611902e+06
6.500000e-10 9.762075e+06
6.600000e-10 9.912248e+06
6.700000e-10 1.006242e+07
6.800000e-10 1.021259e+07
6.900000e-10 1.036276e+07
7.000000e-10 1.051293e+07
7.100000e-10 1.066310e+07
7.200000e-10 1.081327e+07
7.300000e-10 1.096344e+07
7.400000e-10 1.111361e+07
7.500000e-10 1.126378e+07
7.600000e-10 1.141394e+07
7.700000e-10 1.156411e+07
7.800000e-10 1.171427e+07
7.900000e-10 1.186444e+07
8.000000e-10 1.201460e+07
8.100000e-10 1.216476e+07
8.200000e-10 1.231493e+07
8.300000e-10 1.246509e+07
8.400000e-10 1.261525e+07
8.500000e-10 1.276541e+07
8.600000e-10 1.291557e+07
8.700000e-10 1.306572e+07
8.800000e-10 1.321588e+07
8.900000e-10 1.336604e+07
9.000000e-10 1.351619e+07
9.100000e-10 1.366635e+07
9.200000e-10 1.381650e+07
9.300000e-10 1.396665e+07
9.400000e-10 1.411681e+07
9.500000e-10 1.426696e+07
9.600000e-10 1.441711e+07
9.700000e-10 1.456726e+07
9.800000e-10 1.471740e+07
9.900000e-10 1.486755e+07
1.000000e-09 1.494260e+07
1.010000e-09 1.494255e+07
1.020000e-09 1.494251e+07
1.030000e-09 1.494246e+07
1.040000e-09 1.494241e+07
1.050000e-09 1.494236e+07
1.060000e-09 1.494231e+07
1.070000e-09 1.494225e+07
1.080000e-09 1.494220e+07
1.090000e-09 1.494214e+07
1.100000e-09 1.494209e+07
1.110000e-09 1.494203e+07
1.120000e-09 1.494197e+07
1.130000e-09 1.494191e+07
1.140000e-09 1.494185e+07
1.150000e-09 1.494179e+07
1.160000e-09 1.494172e+07
1.170000e-09 1.494166e+07
1.180000e-09 1.494159e+07
1.190000e-09 1.494153e+07
1.200000e-09 1.494146e+07
1.210000e-09 1.494139e+07
1.220000e-09 1.494132e+07
1.230000e-09 1.494124e+07
1.240000e-09 1.494117e+07
1.250000e-09 1.494110e+07
1.260000e-09 1.494102e+07
1.270000e-09 1.494094e+07
1.280000e-09 1.494086e+07
1.290000e-09 1.494078e+07
1.300000e-09 1.494070e+07
1.310000e-09 1.494062e+07
1.320000e-09 1.494053e+07
1.330000e-09 1.494044e+07
1.340000e-09 1.494036e+07
1.350000e-09 1.494027e+07
1.360000e-09 1.494018e+07
1.370000e-09 1.494008e+07
1.380000e-09 1.493999e+07
1.390000e-09 1.493989e+07
1.400000e-09 1.493980e+07
1.410000e-09 1.493970e+07
1.420000e-09 1.493960e+07
1.430000e-09 1.493949e+07
1.440000e-09 1.493939e+07
1.450000e-09 1.493928e+07
1.460000e-09 1.493918e+07
1.470000e-09 1.493907e+07
1.480000e-09 1.493896e+07
1.490000e-09 1.493884e+07
1.500000e-09 1.493873e+07
1.510000e-09 1.493861e+07
1.520000e-09 1.493849e+07
1.530000e-09 1.493837e+07
1.540000e-09 1.493825e+07
1.550000e-09 1.493813e+07
1.560000e-09 1.493800e+07
1.570000e-09 1.493787e+07
1.580000e-09 1.493774e+07
1.590000e-09 1.493761e+07
1.600000e-09 1.493748e+07
1.610000e-09 1.493734e+07
1.620000e-09 1.493721e+07
1.630000e-09 1.493707e+07
1.640000e-09 1.493692e+07
1.650000e-09 1.493678e+07
1.660000e-09 1.493663e+07
1.670000e-09 1.493648e+07
1.680000e-09 1.493633e+07
1.690000e-09 1.493618e+07
1.700000e-09 1.493602e+07
1.710000e-09 1.493587e+07
1.720000e-09 1.493571e+07
1.730000e-09 1.493554e+07
1.740000e-09 1.493538e+07
1.750000e-09 1.493521e+07
1.760000e-09 1.493504e+07
1.770000e-09 1.493487e+07
1.780000e-09 1.493470e+07
1.790000e-09 1.493452e+07
1.800000e-09 1.493434e+07
1.810000e-09 1.493416e+07
1.820000e-09 1.493397e+07
1.830000e-09 1.493379e+07
1.840000e-09 1.493360e+07
1.850000e-09 1.493340e+07
1.860000e-09 1.493321e+07
1.870000e-09 1.493301e+07
1.880000e-09 1.493281e+07
1.890000e-09 1.493261e+07
1.900000e-09 1.493240e+07
1.910000e-09 1.493219e+07
1.920000e-09 1.493198e+07
1.930000e-09 1.493176e+07
1.940000e-09 1.493154e+07
1.950000e-09 1.493132e+07
1.960000e-09 1.493110e+07
1.970000e-09 1.493087e+07
1.980000e-09 1.493064e+07
1.990000e-09 1.493041e+07
2.000000e-09 1.493017e+07
2.010000e-09 1.492993e+07
2.020000e-09 1.492969e+07
2.030000e-09 1.492944e+07
2.040000e-09 1.492919e+07
2.050000e-09 1.492894e+07
2.060000e-09 1.492869e+07
2.070000e-09 1.492843e+07
2.080000e-09 1.492816e+07
2.090000e-09 1.492790e+07
2.100000e-09 1.492763e+07
2.110000e-09 1.492735e+07
2.120000e-09 1.492708e+07
2.130000e-09 1.492680e+07
2.140000e-09 1.492651e+07
2.150000e-09 1.492622e+07
2.160000e-09 1.492593e+07
2.170000e-09 1.492563e+07
2.180000e-09 1.492534e+07
2.190000e-09 1.492503e+07
2.200000e-09 1.492472e+07
2.210000e-09 1.492441e+07
2.220000e-09 1.492410e+07
2.230000e-09 1.492378e+07
2.240000e-09 1.492345e+07
2.250000e-09 1.492313e+07
2.260000e-09 1.492279e+07
2.270000e-09 1.492246e+07
2.280000e-09 1.492212e+07
2.290000e-09 1.492177e+07
2.300000e-09 1.492142e+07
2.310000e-09 1.492107e+07
2.320000e-09 1.492071e+07
2.330000e-09 1.492035e+07
2.340000e-09 1.491998e+07
2.350000e-09 1.491961e+07
2.360000e-09 1.491923e+07
2.370000e-09 1.491885e+07
2.380000e-09 1.491847e+07
2.390000e-09 1.491807e+07
2.400000e-09 1.491768e+07
2.410000e-09 1.491728e+07
2.420000e-09 1.491687e+07
2.430000e-09 1.491646e+07
2.440000e-09 1.491605e+07
2.450000e-09 1.491562e+07
2.460000e-09 1.491520e+07
2.470000e-09 1.491477e+07
2.480000e-09 1.491433e+07
2.490000e-09 1.491389e+07
2.500000e-09 1.491344e+07
2.510000e-09 1.491298e+07
2.520000e-09 1.491253e+07
2.530000e-09 1.491206e+07
2.540000e-09 1.491159e+07
2.550000e-09 1.491111e+07
2.560000e-09 1.491063e+07
2.570000e-09 1.491014e+07
2.580000e-09 1.490965e+07
2.590000e-09 1.490915e+07
2.600000e-09 1.490864e+07
2.610000e-09 1.490813e+07
2.620000e-09 1.490761e+07
2.630000e-09 1.490709e+07
2.640000e-09 1.490656e+07
2.650000e-09 1.490602e+07
2.660000e-09 1.490547e+07
2.670000e-09 1.490492e+07
2.680000e-09 1.490436e+07
2.690000e-09 1.490380e+07
2.700000e-09 1.490323e+07
2.710000e-09 1.490265e+07
2.720000e-09 1.490206e+07
2.730000e-09 1.490147e+07
2.740000e-09 1.490087e+07
2.750000e-09 1.490027e+07
2.760000e-09 1.489965e+07
2.770000e-09 1.489903e+07
2.780000e-09 1.489840e+07
2.790000e-09 1.489777e+07
2.800000e-09 1.489712e+07
2.810000e-09 1.489647e+07
2.820000e-09 1.489581e+07
2.830000e-09 1.489514e+07
2.840000e-09 1.489447e+07
2.850000e-09 1.489378e+07
2.860000e-09 1.489309e+07
2.870000e-09 1.489239e+07
2.880000e-09 1.489168e+07
2.890000e-09 1.489097e+07
2.900000e-09 1.489024e+07
2.910000e-09 1.488951e+07
2.920000e-09 1.488876e+07
2.930000e-09 1.488801e+07
2.940000e-09 1.488725e+07
2.950000e-09 1.488648e+07
2.960000e-09 1.488570e+07
2.970000e-09 1.488492e+07
2.980000e-09 1.488412e+07
2.990000e-09 1.488331e+07
3.000000e-09 1.488250e+07
3.010000e-09 1.488167e+07
3.020000e-09 1.488083e+07
3.030000e-09 1.487999e+07
3.040000e-09 1.487913e+07
3.050000e-09 1.487827e+07
3.060000e-09 1.487739e+07
3.070000e-09 1.487650e+07
3.080000e-09 1.487561e+07
3.090000e-09 1.487470e+07
3.100000e-09 1.487378e+07
3.110000e-09 1.487285e+07
3.120000e-09 1.487191e+07
3.130000e-09 1.487096e+07
3.140000e-09 1.487000e+07
3.150000e-09 1.486903e+07
3.160000e-09 1.486804e+07
3.170000e-09 1.486704e+07
3.180000e-09 1.486604e+07
3.190000e-09 1.486501e+07
3.200000e-09 1.486398e+07
3.210000e-09 1.486294e+07
3.220000e-09 1.486188e+07
3.230000e-09 1.486081e+07
3.240000e-09 1.485973e+07
3.250000e-09 1.485864e+07
3.260000e-09 1.485753e+07
3.270000e-09 1.485641e+07
3.280000e-09 1.485528e+07
3.290000e-09 1.485413e+07
3.300000e-09 1.485297e+07
3.310000e-09 1.485179e+07
3.320000e-09 1.485061e+07
3.330000e-09 1.484941e+07
3.340000e-09 1.484819e+07
3.350000e-09 1.484696e+07
3.360000e-09 1.484572e+07
3.370000e-09 1.484446e+07
3.380000e-09 1.484318e+07
3.390000e-09 1.484190e+07
3.400000e-09 1.484059e+07
3.410000e-09 1.483927e+07
3.420000e-09 1.483794e+07
3.430000e-09 1.483659e+07
3.440000e-09 1.483523e+07
3.450000e-09 1.483384e+07
3.460000e-09 1.483245e+07
3.470000e-09 1.483103e+07
3.480000e-09 1.482960e+07
3.490000e-09 1.482816e+07
3.500000e-09 1.482669e+07
3.510000e-09 1.482521e+07
3.520000e-09 1.482371e+07
3.530000e-09 1.482220e+07
3.540000e-09 1.482066e+07
3.550000e-09 1.481911e+07
3.560000e-09 1.481754e+07
3.570000e-09 1.481595e+07
3.580000e-09 1.481435e+07
3.590000e-09 1.481272e+07
3.600000e-09 1.481108e+07
3.610000e-09 1.480941e+07
3.620000e-09 1.480773e+07
3.630000e-09 1.480603e+07
3.640000e-09 1.480431e+07
3.650000e-09 1.480256e+07
3.660000e-09 1.480080e+07
3.670000e-09 1.479902e+07
3.680000e-09 1.479721e+07
3.690000e-09 1.479539e+07
3.700000e-09 1.479354e+07
3.710000e-09 1.479167e+07
3.720000e-09 1.478978e+07
3.730000e-09 1.478787e+07
3.740000e-09 1.478594e+07
3.750000e-09 1.478398e+07
3.760000e-09 1.478200e+07
3.770000e-09 1.478000e+07
3.780000e-09 1.477797e+07
3.790000e-09 1.477592e+07
3.800000e-09 1.477385e+07
3.810000e-09 1.477175e+07
3.820000e-09 1.476963e+07
3.830000e-09 1.476748e+07
3.840000e-09 1.476531e+07
3.850000e-09 1.476311e+07
3.860000e-09 1.476089e+07
3.870000e-09 1.475864e+07
3.880000e-09 1.475636e+07
3.890000e-09 1.475406e+07
3.900000e-09 1.475173e+07
3.910000e-09 1.474938e+07
3.920000e-09 1.474699e+07
3.930000e-09 1.474458e+07
3.940000e-09 1.474214e+07
3.950000e-09 1.473967e+07
3.960000e-09 1.473718e+07
3.970000e-09 1.473465e+07
3.980000e-09 1.473209e+07
3.990000e-09 1.472951e+07
4.000000e-09 1.472689e+07
4.010000e-09 1.472425e+07
4.020000e-09 1.472157e+07
4.030000e-09 1.471886e+07
4.040000e-09 1.471612e+07
4.050000e-09 1.471335e+07
4.060000e-09 1.471054e+07
4.070000e-09 1.470771e+07
4.080000e-09 1.470483e+07
4.090000e-09 1.470193e+07
4.100000e-09 1.469899e+07
4.110000e-09 1.469602e+07
4.120000e-09 1.469301e+07
4.130000e-09 1.468997e+07
4.140000e-09 1.468689e+07
4.150000e-09 1.468377e+07
4.160000e-09 1.468062e+07
4.170000e-09 1.467744e+07
4.180000e-09 1.467421e+07
4.190000e-09 1.467095e+07
4.200000e-09 1.466765e+07
4.210000e-09 1.466431e+07
4.220000e-09 1.466093e+07
4.230000e-09 1.465751e+07
4.240000e-09 1.465405e+07
4.250000e-09 1.465055e+07
4.260000e-09 1.464701e+07
4.270000e-09 1.464342e+07
4.280000e-09 1.463980e+07
4.290000e-09 1.463613e+07
4.300000e-09 1.463242e+07
4.310000e-09 1.462867e+07
4.320000e-09 1.462487e+07
4.330000e-09 1.462103e+07
4.340000e-09 1.461714e+07
4.350000e-09 1.461321e+07
4.360000e-09 1.460923e+07
4.370000e-09 1.460520e+07
4.380000e-09 1.460113e+07
4.390000e-09 1.459701e+07
4.400000e-09 1.459284e+07
4.410000e-09 1.458862e+07
4.420000e-09 1.458435e+07
4.430000e-09 1.458003e+07
4.440000e-09 1.457566e+07
4.450000e-09 1.457124e+07
4.460000e-09 1.456676e+07
4.470000e-09 1.456224e+07
4.480000e-09 1.455766e+07
4.490000e-09 1.455302e+07
4.500000e-09 1.454834e+07
4.510000e-09 1.454359e+07
4.520000e-09 1.453879e+07
4.530000e-09 1.453394e+07
4.540000e-09 1.452902e+07
4.550000e-09 1.452405e+07
4.560000e-09 1.451902e+07
4.570000e-09 1.451393e+07
4.580000e-09 1.450878e+07
4.590000e-09 1.450357e+07
4.600000e-09 1.449829e+07
4.610000e-09 1.449296e+07
4.620000e-09 1.448756e+07
4.630000e-09 1.448210e+07
4.640000e-09 1.447657e+07
4.650000e-09 1.447098e+07
4.660000e-09 1.446532e+07
4.670000e-09 1.445960e+07
4.680000e-09 1.445380e+07
4.690000e-09 1.444794e+07
4.700000e-09 1.444201e+07
4.710000e-09 1.443601e+07
4.720000e-09 1.442993e+07
4.730000e-09 1.442379e+07
4.740000e-09 1.441757e+07
4.750000e-09 1.441128e+07
4.760000e-09 1.440491e+07
4.770000e-09 1.439847e+07
4.780000e-09 1.439195e+07
4.790000e-09 1.438536e+07
4.800000e-09 1.437868e+07
4.810000e-09 1.437193e+07
4.820000e-09 1.436509e+07
4.830000e-09 1.435818e+07
4.840000e-09 1.435118e+07
4.850000e-09 1.434410e+07
4.860000e-09 1.433693e+07
4.870000e-09 1.432968e+07
4.880000e-09 1.432235e+07
4.890000e-09 1.431492e+07
4.900000e-09 1.430741e+07
4.910000e-09 1.429980e+07
4.920000e-09 1.429211e+07
4.930000e-09 1.428433e+07
4.940000e-09 1.427645e+07
4.950000e-09 1.426848e+07
4.960000e-09 1.426041e+07
4.970000e-09 1.425224e+07
4.980000e-09 1.424398e+07
4.990000e-09 1.423562e+07
5.000000e-09 1.328751e+07
5.010000e-09 1.327953e+07
5.020000e-09 1.327146e+07
5.030000e-09 1.326332e+07
5.040000e-09 1.325508e+07
5.050000e-09 1.324677e+07
5.060000e-09 1.323837e+07
5.070000e-09 1.322989e+07
5.080000e-09 1.322133e+07
5.090000e-09 1.321268e+07
5.100000e-09 1.320395e+07
5.110000e-09 1.319513e+07
5.120000e-09 1.318623e+07
5.130000e-09 1.317724e+07
5.140000e-09 1.316817e+07
5.150000e-09 1.315902e+07
5.160000e-09 1.314978e+07
5.170000e-09 1.314045e+07
5.180000e-09 1.313104e+07
5.190000e-09 1.312154e+07
5.200000e-09 1.311195e+07
5.210000e-09 1.310228e+07
5.220000e-09 1.309252e+07
5.230000e-09 1.308268e+07
5.240000e-09 1.307275e+07
5.250000e-09 1.306273e+07
5.260000e-09 1.305263e+07
5.270000e-09 1.304243e+07
5.280000e-09 1.303215e+07
5.290000e-09 1.302179e+07
5.300000e-09 1.301133e+07
5.310000e-09 1.300079e+07
5.320000e-09 1.299016e+07
5.330000e-09 1.297944e+07
5.340000e-09 1.296863e+07
5.350000e-09 1.295773e+07
5.360000e-09 1.294675e+07
5.370000e-09 1.293567e+07
5.380000e-09 1.292451e+07
5.390000e-09 1.291326e+07
5.400000e-09 1.290192e+07
5.410000e-09 1.289049e+07
5.420000e-09 1.287897e+07
5.430000e-09 1.286736e+07
5.440000e-09 1.285566e+07
5.450000e-09 1.284387e+07
5.460000e-09 1.283199e+07
5.470000e-09 1.282003e+07
5.480000e-09 1.280797e+07
5.490000e-09 1.279582e+07
5.500000e-09 1.278358e+07
5.510000e-09 1.277125e+07
5.520000e-09 1.275883e+07
5.530000e-09 1.274633e+07
5.540000e-09 1.273373e+07
5.550000e-09 1.272103e+07
5.560000e-09 1.270825e+07
5.570000e-09 1.269538e+07
5.580000e-09 1.268242e+07
5.590000e-09 1.266936e+07
5.600000e-09 1.265622e+07
5.610000e-09 1.264298e+07
5.620000e-09 1.262966e+07
5.630000e-09 1.261624e+07
5.640000e-09 1.260273e+07
5.650000e-09 1.258913e+07
5.660000e-09 1.257544e+07
5.670000e-09 1.256166e+07
5.680000e-09 1.254778e+07
5.690000e-09 1.253382e+07
5.700000e-09 1.251976e+07
5.710000e-09 1.250561e+07
5.720000e-09 1.249137e+07
5.730000e-09 1.247704e+07
5.740000e-09 1.246261e+07
5.750000e-09 1.244810e+07
5.760000e-09 1.243349e+07
5.770000e-09 1.241880e+07
5.780000e-09 1.240401e+07
5.790000e-09 1.238912e+07
5.800000e-09 1.237415e+07
5.810000e-09 1.235909e+07
5.820000e-09 1.234393e+07
5.830000e-09 1.232868e+07
5.840000e-09 1.231334e+07
5.850000e-09 1.229791e+07
5.860000e-09 1.228239e+07
5.870000e-09 1.226678e+07
5.880000e-09 1.225107e+07
5.890000e-09 1.223527e+07
5.900000e-09 1.221938e+07
5.910000e-09 1.220340e+07
5.920000e-09 1.218733e+07
5.930000e-09 1.217117e+07
5.940000e-09 1.215491e+07
5.950000e-09 1.213857e+07
5.960000e-09 1.212213e+07
5.970000e-09 1.210560e+07
5.980000e-09 1.208898e+07
5.990000e-09 1.207227e+07
6.000000e-09 1.205546e+07
6.010000e-09 1.203857e+07
6.020000e-09 1.202158e+07
6.030000e-09 1.200451e+07
6.040000e-09 1.198734e+07
6.050000e-09 1.197008e+07
6.060000e-09 1.195273e+07
6.070000e-09 1.193529e+07
6.080000e-09 1.191776e+07
6.090000e-09 1.190014e+07
6.100000e-09 1.188242e+07
6.110000e-09 1.186462e+07
6.120000e-09 1.184673e+07
6.130000e-09 1.182874e+07
6.140000e-09 1.181067e+07
6.150000e-09 1.179250e+07
6.160000e-09 1.177425e+07
6.170000e-09 1.175590e+07
6.180000e-09 1.173746e+07
6.190000e-09 1.171894e+07
6.200000e-09 1.170032e+07
6.210000e-09 1.168162e+07
6.220000e-09 1.166282e+07
6.230000e-09 1.164393e+07
6.240000e-09 1.162496e+07
6.250000e-09 1.160589e+07
6.260000e-09 1.158674e+07
6.270000e-09 1.156750e+07
6.280000e-09 1.154817e+07
6.290000e-09 1.152874e+07
6.300000e-09 1.150923e+07
6.310000e-09 1.148964e+07
6.320000e-09 1.146995e+07
6.330000e-09 1.145017e+07
6.340000e-09 1.143031e+07
6.350000e-09 1.141035e+07
6.360000e-09 1.139031e+07
6.370000e-09 1.137018e+07
6.380000e-09 1.134996e+07
6.390000e-09 1.132966e+07
6.400000e-09 1.130926e+07
6.410000e-09 1.128878e+07
6.420000e-09 1.126821e+07
6.430000e-09 1.124756e+07
6.440000e-09 1.122681e+07
6.450000e-09 1.120598e+07
6.460000e-09 1.118506e+07
6.470000e-09 1.116406e+07
6.480000e-09 1.114297e+07
6.490000e-09 1.112179e+07
6.500000e-09 1.110053e+07
6.510000e-09 1.107918e+07
6.520000e-09 1.105774e+07
6.530000e-09 1.103622e+07
6.540000e-09 1.101461e+07
6.550000e-09 1.099291e+07
6.560000e-09 1.097113e+07
6.570000e-09 1.094927e+07
6.580000e-09 1.092732e+07
6.590000e-09 1.090528e+07
6.600000e-09 1.088316e+07
6.610000e-09 1.086096e+07
6.620000e-09 1.083867e+07
6.630000e-09 1.081629e+07
6.640000e-09 1.079384e+07
6.650000e-09 1.077129e+07
6.660000e-09 1.074867e+07
6.670000e-09 1.072596e+07
6.680000e-09 1.070316e+07
6.690000e-09 1.068028e+07
6.700000e-09 1.065732e+07
6.710000e-09 1.063428e+07
6.720000e-09 1.061115e+07
6.730000e-09 1.058795e+07
6.740000e-09 1.056465e+07
6.750000e-09 1.054128e+07
6.760000e-09 1.051782e+07
6.770000e-09 1.049428e+07
6.780000e-09 1.047066e+07
6.790000e-09 1.044696e+07
6.800000e-09 1.042318e+07
6.810000e-09 1.039932e+07
6.820000e-09 1.037537e+07
6.830000e-09 1.035134e+07
6.840000e-09 1.032724e+07
6.850000e-09 1.030305e+07
6.860000e-09 1.027878e+07
6.870000e-09 1.025444e+07
6.880000e-09 1.023001e+07
6.890000e-09 1.020550e+07
6.900000e-09 1.018091e+07
6.910000e-09 1.015625e+07
6.920000e-09 1.013150e+07
6.930000e-09 1.010668e+07
6.940000e-09 1.008178e+07
6.950000e-09 1.005679e+07
6.960000e-09 1.003174e+07
6.970000e-09 1.000660e+07
6.980000e-09 9.981383e+06
6.990000e-09 9.956090e+06
7.000000e-09 9.930720e+06
7.010000e-09 9.905272e+06
7.020000e-09 9.879748e+06
7.030000e-09 9.854146e+06
7.040000e-09 9.828468e+06
7.050000e-09 9.802714e+06
7.060000e-09 9.776884e+06
7.070000e-09 9.750978e+06
7.080000e-09 9.724996e+06
7.090000e-09 9.698938e+06
7.100000e-09 9.672805e+06
7.110000e-09 9.646598e+06
7.120000e-09 9.620315e+06
7.130000e-09 9.593958e+06
7.140000e-09 9.567526e+06
7.150000e-09 9.541020e+06
7.160000e-09 9.514441e+06
7.170000e-09 9.487787e+06
7.180000e-09 9.461060e+06
7.190000e-09 9.434260e+06
7.200000e-09 9.407387e+06
7.210000e-09 9.380441e+06
7.220000e-09 9.353423e+06
7.230000e-09 9.326332e+06
7.240000e-09 9.299169e+06
7.250000e-09 9.271935e+06
7.260000e-09 9.244628e+06
7.270000e-09 9.217251e+06
7.280000e-09 9.189802e+06
7.290000e-09 9.162282e+06
7.300000e-09 9.134691e+06
7.310000e-09 9.107031e+06
7.320000e-09 9.079299e+06
7.330000e-09 9.051498e+06
7.340000e-09 9.023628e+06
7.350000e-09 8.995687e+06
7.360000e-09 8.967678e+06
7.370000e-09 8.939599e+06
7.380000e-09 8.911452e+06
7.390000e-09 8.883236e+06
7.400000e-09 8.854952e+06
7.410000e-09 8.826599e+06
7.420000e-09 8.798180e+06
7.430000e-09 8.769692e+06
7.440000e-09 8.741137e+06
7.450000e-09 8.712515e+06
7.460000e-09 8.683827e+06
7.470000e-09 8.655071e+06
7.480000e-09 8.626250e+06
7.490000e-09 8.597362e+06
7.500000e-09 8.568409e+06
7.510000e-09 8.539389e+06
7.520000e-09 8.510305e+06
7.530000e-09 8.481156e+06
7.540000e-09 8.451941e+06
7.550000e-09 8.422662e+06
7.560000e-09 8.393319e+06
7.570000e-09 8.363912e+06
7.580000e-09 8.334441e+06
7.590000e-09 8.304906e+06
7.600000e-09 8.275308e+06
7.610000e-09 8.245647e+06
7.620000e-09 8.215924e+06
7.630000e-09 8.186137e+06
7.640000e-09 8.156289e+06
7.650000e-09 8.126378e+06
7.660000e-09 8.096405e+06
7.670000e-09 8.066371e+06
7.680000e-09 8.036276e+06
7.690000e-09 8.006120e+06
7.700000e-09 7.975903e+06
7.710000e-09 7.945625e+06
7.720000e-09 7.915288e+06
7.730000e-09 7.884890e+06
7.740000e-09 7.854432e+06
7.750000e-09 7.823915e+06
7.760000e-09 7.793339e+06
7.770000e-09 7.762704e+06
7.780000e-09 7.732010e+06
7.790000e-09 7.701258e+06
7.800000e-09 7.670447e+06
7.810000e-09 7.639579e+06
7.820000e-09 7.608653e+06
7.830000e-09 7.577670e+06
7.840000e-09 7.546629e+06
7.850000e-09 7.515532e+06
7.860000e-09 7.484378e+06
7.870000e-09 7.453167e+06
7.880000e-09 7.421901e+06
7.890000e-09 7.390579e+06
7.900000e-09 7.359201e+06
7.910000e-09 7.327768e+06
7.920000e-09 7.296280e+06
7.930000e-09 7.264737e+06
7.940000e-09 7.233139e+06
7.950000e-09 7.201488e+06
7.960000e-09 7.169782e+06
7.970000e-09 7.138023e+06
7.980000e-09 7.106210e+06
7.990000e-09 7.074344e+06
8.000000e-09 7.042425e+06
8.010000e-09 7.010453e+06
8.020000e-09 6.978429e+06
8.030000e-09 6.946353e+06
8.040000e-09 6.914225e+06
8.050000e-09 6.882046e+06
8.060000e-09 6.849815e+06
8.070000e-09 6.817533e+06
8.080000e-09 6.785200e+06
8.090000e-09 6.752817e+06
8.100000e-09 6.720383e+06
8.110000e-09 6.687900e+06
8.120000e-09 6.655366e+06
8.130000e-09 6.622783e+06
8.140000e-09 6.590151e+06
8.150000e-09 6.557470e+06
8.160000e-09 6.524741e+06
8.170000e-09 6.491963e+06
8.180000e-09 6.459136e+06
8.190000e-09 6.426262e+06
8.200000e-09 6.393340e+06
8.210000e-09 6.360371e+06
8.220000e-09 6.327355e+06
8.230000e-09 6.294292e+06
8.240000e-09 6.261183e+06
8.250000e-09 6.228027e+06
8.260000e-09 6.194825e+06
8.270000e-09 6.161577e+06
8.280000e-09 6.128284e+06
8.290000e-09 6.094946e+06
8.300000e-09 6.061563e+06
8.310000e-09 6.028135e+06
8.320000e-09 5.994662e+06
8.330000e-09 5.961146e+06
8.340000e-09 5.927585e+06
8.350000e-09 5.893981e+06
8.360000e-09 5.860334e+06
8.370000e-09 5.826644e+06
8.380000e-09 5.792910e+06
8.390000e-09 5.759134e+06
8.400000e-09 5.725316e+06
8.410000e-09 5.691456e+06
8.420000e-09 5.657554e+06
8.430000e-09 5.623611e+06
8.440000e-09 5.589626e+06
8.450000e-09 5.555601e+06
8.460000e-09 5.521534e+06
8.470000e-09 5.487428e+06
8.480000e-09 5.453281e+06
8.490000e-09 5.419094e+06
8.500000e-09 5.384868e+06
8.510000e-09 5.350602e+06
8.520000e-09 5.316297e+06
8.530000e-09 5.281953e+06
8.540000e-09 5.247571e+06
8.550000e-09 5.213151e+06
8.560000e-09 5.178692e+06
8.570000e-09 5.144196e+06
8.580000e-09 5.109662e+06
8.590000e-09 5.075091e+06
8.600000e-09 5.040483e+06
8.610000e-09 5.005838e+06
8.620000e-09 4.971157e+06
8.630000e-09 4.936440e+06
8.640000e-09 4.901687e+06
8.650000e-09 4.866898e+06
8.660000e-09 4.832074e+06
8.670000e-09 4.797214e+06
8.680000e-09 4.762320e+06
8.690000e-09 4.727392e+06
8.700000e-09 4.692428e+06
8.710000e-09 4.657431e+06
8.720000e-09 4.622400e+06
8.730000e-09 4.587336e+06
8.740000e-09 4.552238e+06
8.750000e-09 4.517108e+06
8.760000e-09 4.481944e+06
8.770000e-09 4.446748e+06
8.780000e-09 4.411520e+06
8.790000e-09 4.376260e+06
8.800000e-09 4.340969e+06
8.810000e-09 4.305646e+06
8.820000e-09 4.270291e+06
8.830000e-09 4.234906e+06
8.840000e-09 4.199491e+06
8.850000e-09 4.164044e+06
8.860000e-09 4.128568e+06
8.870000e-09 4.093062e+06
8.880000e-09 4.057527e+06
8.890000e-09 4.021962e+06
8.900000e-09 3.986368e+06
8.910000e-09 3.950745e+06
8.920000e-09 3.915094e+06
8.930000e-09 3.879415e+06
8.940000e-09 3.843707e+06
8.950000e-09 3.807972e+06
8.960000e-09 3.772209e+06
8.970000e-09 3.736420e+06
8.980000e-09 3.700603e+06
8.990000e-09 3.664759e+06
9.000000e-09 3.628890e+06
9.010000e-09 3.592993e+06
9.020000e-09 3.557072e+06
9.030000e-09 3.521124e+06
9.040000e-09 3.485151e+06
9.050000e-09 3.449153e+06
9.060000e-09 3.413130e+06
9.070000e-09 3.377083e+06
9.080000e-09 3.341011e+06
9.090000e-09 3.304915e+06
9.100000e-09 3.268795e+06
9.110000e-09 3.232652e+06
9.120000e-09 3.196486e+06
9.130000e-09 3.160296e+06
9.140000e-09 3.124084e+06
9.150000e-09 3.087849e+06
9.160000e-09 3.051592e+06
9.170000e-09 3.015313e+06
9.180000e-09 2.979013e+06
9.190000e-09 2.942690e+06
9.200000e-09 2.906347e+06
9.210000e-09 2.869983e+06
9.220000e-09 2.833598e+06
9.230000e-09 2.797192e+06
9.240000e-09 2.760767e+06
9.250000e-09 2.724321e+06
9.260000e-09 2.687856e+06
9.270000e-09 2.651371e+06
9.280000e-09 2.614868e+06
9.290000e-09 2.578345e+06
9.300000e-09 2.541804e+06
9.310000e-09 2.505245e+06
9.320000e-09 2.468667e+06
9.330000e-09 2.432072e+06
9.340000e-09 2.395459e+06
9.350000e-09 2.358828e+06
9.360000e-09 2.322181e+06
9.370000e-09 2.285517e+06
9.380000e-09 2.248836e+06
9.390000e-09 2.212139e+06
9.400000e-09 2.175426e+06
9.410000e-09 2.138697e+06
9.420000e-09 2.101953e+06
9.430000e-09 2.065193e+06
9.440000e-09 2.028418e+06
9.450000e-09 1.991629e+06
9.460000e-09 1.954825e+06
9.470000e-09 1.918007e+06
9.480000e-09 1.881175e+06
9.490000e-09 1.844329e+06
9.500000e-09 1.807470e+06
9.510000e-09 1.770598e+06
9.520000e-09 1.733712e+06
9.530000e-09 1.696814e+06
9.540000e-09 1.659904e+06
9.550000e-09 1.622981e+06
9.560000e-09 1.586047e+06
9.570000e-09 1.549100e+06
9.580000e-09 1.512143e+06
9.590000e-09 1.475174e+06
9.600000e-09 1.438194e+06
9.610000e-09 1.401204e+06
9.620000e-09 1.364203e+06
9.630000e-09 1.327193e+06
9.640000e-09 1.290172e+06
9.650000e-09 1.253142e+06
9.660000e-09 1.216102e+06
9.670000e-09 1.179053e+06
9.680000e-09 1.141996e+06
9.690000e-09 1.104930e+06
9.700000e-09 1.067855e+06
9.710000e-09 1.030773e+06
9.720000e-09 9.936823e+05
9.730000e-09 9.565844e+05
9.740000e-09 9.194791e+05
9.750000e-09 8.823668e+05
9.760000e-09 8.452477e+05
9.770000e-09 8.081221e+05
9.780000e-09 7.709902e+05
9.790000e-09 7.338522e+05
9.800000e-09 6.967085e+05
9.810000e-09 6.595593e+05
9.820000e-09 6.224048e+05
9.830000e-09 5.852453e+05
9.840000e-09 5.480810e+05
9.850000e-09 5.109123e+05
9.860000e-09 4.737393e+05
9.870000e-09 4.365623e+05
9.880000e-09 3.993815e+05
9.890000e-09 3.621974e+05
9.900000e-09 3.250099e+05
9.910000e-09 2.878196e+05
9.920000e-09 2.506265e+05
9.930000e-09 2.134309e+05
9.940000e-09 1.762332e+05
9.950000e-09 1.390335e+05
9.960000e-09 1.018321e+05
9.970000e-09 6.462931e+04
9.980000e-09 2.742532e+04
9.990000e-09 -9.779591e+03
1.000000e-08 -4.698517e+04
1.001000e-08 -8.419116e+04
1.002000e-08 -1.213973e+05
1.003000e-08 -1.586034e+05
1.004000e-08 -1.958090e+05
1.005000e-08 -2.330141e+05
1.006000e-08 -2.702184e+05
1.007000e-08 -3.074214e+05
1.008000e-08 -3.446232e+05
1.009000e-08 -3.818233e+05
1.010000e-08 -4.190215e+05
1.011000e-08 -4.562175e+05
1.012000e-08 -4.934112e+05
1.013000e-08 -5.306022e+05
1.014000e-08 -5.677903e+05
1.015000e-08 -6.049752e+05
1.016000e-08 -6.421568e+05
1.017000e-08 -6.793346e+05
1.018000e-08 -7.165085e+05
1.019000e-08 -7.536782e+05
1.020000e-08 -7.908435e+05
1.021000e-08 -8.280041e+05
1.022000e-08 -8.651597e+05
1.023000e-08 -9.023101e+05
1.024000e-08 -9.394550e+05
1.025000e-08 -9.765942e+05
1.026000e-08 -1.013727e+06
1.027000e-08 -1.050854e+06
1.028000e-08 -1.087975e+06
1.029000e-08 -1.125089e+06
1.030000e-08 -1.162195e+06
1.031000e-08 -1.199295e+06
1.032000e-08 -1.236387e+06
1.033000e-08 -1.273471e+06
1.034000e-08 -1.310547e+06
1.035000e-08 -1.347615e+06
1.036000e-08 -1.384674e+06
1.037000e-08 -1.421725e+06
1.038000e-08 -1.458766e+06
1.039000e-08 -1.495798e+06
1.040000e-08 -1.532821e+06
1.041000e-08 -1.569834e+06
1.042000e-08 -1.606836e+06
1.043000e-08 -1.643829e+06
1.044000e-08 -1.680810e+06
1.045000e-08 -1.717781e+06
1.046000e-08 -1.754741e+06
1.047000e-08 -1.791689e+06
1.048000e-08 -1.828626e+06
1.049000e-08 -1.865551e+06
1.050000e-08 -1.902463e+06
1.051000e-08 -1.939364e+06
1.052000e-08 -1.976251e+06
1.053000e-08 -2.013126e+06
1.054000e-08 -2.049987e+06
1.055000e-08 -2.086835e+06
1.056000e-08 -2.123669e+06
1.057000e-08 -2.160490e+06
1.058000e-08 -2.197296e+06
1.059000e-08 -2.234088e+06
1.060000e-08 -2.270864e+06
1.061000e-08 -2.307626e+06
1.062000e-08 -2.344373e+06
1.063000e-08 -2.381104e+06
1.064000e-08 -2.417819e+06
1.065000e-08 -2.454519e+06
1.066000e-08 -2.491202e+06
1.067000e-08 -2.527868e+06
1.068000e-08 -2.564518e+06
1.069000e-08 -2.601150e+06
1.070000e-08 -2.637766e+06
1.071000e-08 -2.674363e+06
1.072000e-08 -2.710943e+06
1.073000e-08 -2.747505e+06
1.074000e-08 -2.784048e+06
1.075000e-08 -2.820573e+06
1.076000e-08 -2.857078e+06
1.077000e-08 -2.893565e+06
1.078000e-08 -2.930032e+06
1.079000e-08 -2.966479e+06
1.080000e-08 -3.002907e+06
1.081000e-08 -3.039314e+06
1.082000e-08 -3.075701e+06
1.083000e-08 -3.112067e+06
1.084000e-08 -3.148412e+06
1.085000e-08 -3.184736e+06
1.086000e-08 -3.221039e+06
1.087000e-08 -3.257319e+06
1.088000e-08 -3.293578e+06
1.089000e-08 -3.329814e+06
1.090000e-08 -3.366027e+06
1.091000e-08 -3.402218e+06
1.092000e-08 -3.438386e+06
1.093000e-08 -3.474530e+06
1.094000e-08 -3.510651e+06
1.095000e-08 -3.546748e+06
1.096000e-08 -3.582821e+06
1.097000e-08 -3.618869e+06
1.098000e-08 -3.654893e+06
1.099000e-08 -3.690891e+06
1.100000e-08 -3.726865e+06
1.101000e-08 -3.762813e+06
1.102000e-08 -3.798735e+06
1.103000e-08 -3.834631e+06
1.104000e-08 -3.870501e+06
1.105000e-08 -3.906345e+06
1.106000e-08 -3.942161e+06
1.107000e-08 -3.977951e+06
1.108000e-08 -4.013713e+06
1.109000e-08 -4.049448e+06
1.110000e-08 -4.085155e+06
1.111000e-08 -4.120834e+06
1.112000e-08 -4.156484e+06
1.113000e-08 -4.192106e+06
1.114000e-08 -4.227699e+06
1.115000e-08 -4.263262e+06
1.116000e-08 -4.298796e+06
1.117000e-08 -4.334301e+06
1.118000e-08 -4.369775e+06
1.119000e-08 -4.405220e+06
1.120000e-08 -4.440633e+06
1.121000e-08 -4.476016e+06
1.122000e-08 -4.511368e+06
1.123000e-08 -4.546689e+06
1.124000e-08 -4.581978e+06
1.125000e-08 -4.617235e+06
1.126000e-08 -4.652460e+06
1.127000e-08 -4.687652e+06
1.128000e-08 -4.722812e+06
1.129000e-08 -4.757939e+06
1.130000e-08 -4.793033e+06
1.131000e-08 -4.828094e+06
1.132000e-08 -4.863120e+06
1.133000e-08 -4.898113e+06
1.134000e-08 -4.933072e+06
1.135000e-08 -4.967995e+06
1.136000e-08 -5.002885e+06
1.137000e-08 -5.037739e+06
1.138000e-08 -5.072557e+06
1.139000e-08 -5.107340e+06
1.140000e-08 -5.142088e+06
1.141000e-08 -5.176799e+06
1.142000e-08 -5.211473e+06
1.143000e-08 -5.246111e+06
1.144000e-08 -5.280712e+06
1.145000e-08 -5.315276e+06
1.146000e-08 -5.349803e+06
1.147000e-08 -5.384291e+06
1.148000e-08 -5.418742e+06
1.149000e-08 -5.453154e+06
1.150000e-08 -5.487528e+06
1.151000e-08 -5.521862e+06
1.152000e-08 -5.556158e+06
1.153000e-08 -5.590414e+06
1.154000e-08 -5.624631e+06
1.155000e-08 -5.658808e+06
1.156000e-08 -5.692944e+06
1.157000e-08 -5.727041e+06
1.158000e-08 -5.761096e+06
1.159000e-08 -5.795110e+06
1.160000e-08 -5.829083e+06
1.161000e-08 -5.863015e+06
1.162000e-08 -5.896905e+06
1.163000e-08 -5.930752e+06
1.164000e-08 -5.964558e+06
1.165000e-08 -5.998320e+06
1.166000e-08 -6.032040e+06
1.167000e-08 -6.065717e+06
1.168000e-08 -6.099350e+06
1.169000e-08 -6.132940e+06
1.170000e-08 -6.166485e+06
1.171000e-08 -6.199986e+06
1.172000e-08 -6.233443e+06
1.173000e-08 -6.266855e+06
1.174000e-08 -6.300222e+06
1.175000e-08 -6.333544e+06
1.176000e-08 -6.366820e+06
1.177000e-08 -6.400050e+06
1.178000e-08 -6.433234e+06
1.179000e-08 -6.466371e+06
1.180000e-08 -6.499462e+06
1.181000e-08 -6.532506e+06
1.182000e-08 -6.565502e+06
1.183000e-08 -6.598452e+06
1.184000e-08 -6.631353e+06
1.185000e-08 -6.664206e+06
1.186000e-08 -6.697011e+06
1.187000e-08 -6.729768e+06
1.188000e-08 -6.762475e+06
1.189000e-08 -6.795134e+06
1.190000e-08 -6.827743e+06
1.191000e-08 -6.860302e+06
1.192000e-08 -6.892812e+06
1.193000e-08 -6.925271e+06
1.194000e-08 -6.957680e+06
1.195000e-08 -6.990038e+06
1.196000e-08 -7.022345e+06
1.197000e-08 -7.054601e+06
1.198000e-08 -7.086805e+06
1.199000e-08 -7.118957e+06
1.200000e-08 -7.151058e+06
1.201000e-08 -7.183106e+06
1.202000e-08 -7.215101e+06
1.203000e-08 -7.247043e+06
1.204000e-08 -7.278933e+06
1.205000e-08 -7.310768e+06
1.206000e-08 -7.342551e+06
1.207000e-08 -7.374279e+06
1.208000e-08 -7.405953e+06
1.209000e-08 -7.437572e+06
1.210000e-08 -7.469137e+06
1.211000e-08 -7.500646e+06
1.212000e-08 -7.532100e+06
1.213000e-08 -7.563499e+06
1.214000e-08 -7.594842e+06
1.215000e-08 -7.626129e+06
1.216000e-08 -7.657359e+06
1.217000e-08 -7.688532e+06
1.218000e-08 -7.719649e+06
1.219000e-08 -7.750709e+06
1.220000e-08 -7.781711e+06
1.221000e-08 -7.812655e+06
1.222000e-08 -7.843542e+06
1.223000e-08 -7.874370e+06
1.224000e-08 -7.905140e+06
1.225000e-08 -7.935850e+06
1.226000e-08 -7.966502e+06
1.227000e-08 -7.997095e+06
1.228000e-08 -8.027628e+06
1.229000e-08 -8.058101e+06
1.230000e-08 -8.088514e+06
1.231000e-08 -8.118867e+06
1.232000e-08 -8.149159e+06
1.233000e-08 -8.179390e+06
1.234000e-08 -8.209560e+06
1.235000e-08 -8.239669e+06
1.236000e-08 -8.269716e+06
1.237000e-08 -8.299701e+06
1.238000e-08 -8.329624e+06
1.239000e-08 -8.359484e+06
1.240000e-08 -8.389282e+06
1.241000e-08 -8.419017e+06
1.242000e-08 -8.448688e+06
1.243000e-08 -8.478297e+06
1.244000e-08 -8.507841e+06
1.245000e-08 -8.537321e+06
1.246000e-08 -8.566737e+06
1.247000e-08 -8.596089e+06
1.248000e-08 -8.625376e+06
1.249000e-08 -8.654598e+06
1.250000e-08 -8.683754e+06
1.251000e-08 -8.712845e+06
1.252000e-08 -8.741870e+06
1.253000e-08 -8.770829e+06
1.254000e-08 -8.799722e+06
1.255000e-08 -8.828549e+06
1.256000e-08 -8.857308e+06
1.257000e-08 -8.886001e+06
1.258000e-08 -8.914626e+06
1.259000e-08 -8.943183e+06
1.260000e-08 -8.971673e+06
1.261000e-08 -9.000095e+06
1.262000e-08 -9.028448e+06
1.263000e-08 -9.056733e+06
1.264000e-08 -9.084949e+06
1.265000e-08 -9.113097e+06
1.266000e-08 -9.141174e+06
1.267000e-08 -9.169183e+06
1.268000e-08 -9.197121e+06
1.269000e-08 -9.224989e+06
1.270000e-08 -9.252788e+06
1.271000e-08 -9.280515e+06
1.272000e-08 -9.308172e+06
1.273000e-08 -9.335758e+06
1.274000e-08 -9.363273e+06
1.275000e-08 -9.390716e+06
1.276000e-08 -9.418087e+06
1.277000e-08 -9.445387e+06
1.278000e-08 -9.472614e+06
1.279000e-08 -9.499769e+06
1.280000e-08 -9.526851e+06
1.281000e-08 -9.553861e+06
1.282000e-08 -9.580797e+06
1.283000e-08 -9.607660e+06
1.284000e-08 -9.634449e+06
1.285000e-08 -9.661164e+06
1.286000e-08 -9.687805e+06
1.287000e-08 -9.714372e+06
1.288000e-08 -9.740865e+06
1.289000e-08 -9.767282e+06
1.290000e-08 -9.793625e+06
1.291000e-08 -9.819892e+06
1.292000e-08 -9.846084e+06
1.293000e-08 -9.872201e+06
1.294000e-08 -9.898241e+06
1.295000e-08 -9.924206e+06
1.296000e-08 -9.950094e+06
1.297000e-08 -9.975905e+06
1.298000e-08 -1.000164e+07
1.299000e-08 -1.002730e+07
1.300000e-08 -1.005288e+07
1.301000e-08 -1.007838e+07
1.302000e-08 -1.010381e+07
1.303000e-08 -1.012915e+07
1.304000e-08 -1.015442e+07
1.305000e-08 -1.017961e+07
1.306000e-08 -1.020473e+07
1.307000e-08 -1.022976e+07
1.308000e-08 -1.025471e+07
1.309000e-08 -1.027959e+07
1.310000e-08 -1.030439e+07
1.311000e-08 -1.032910e+07
1.312000e-08 -1.035374e+07
1.313000e-08 -1.037830e+07
1.314000e-08 -1.040277e+07
1.315000e-08 -1.042717e+07
1.316000e-08 -1.045149e+07
1.317000e-08 -1.047572e+07
1.318000e-08 -1.049988e+07
1.319000e-08 -1.052395e+07
1.320000e-08 -1.054794e+07
1.321000e-08 -1.057185e+07
1.322000e-08 -1.059568e+07
1.323000e-08 -1.061942e+07
1.324000e-08 -1.064309e+07
1.325000e-08 -1.066667e+07
1.326000e-08 -1.069017e+07
1.327000e-08 -1.071359e+07
1.328000e-08 -1.073692e+07
1.329000e-08 -1.076017e+07
1.330000e-08 -1.078334e+07
1.331000e-08 -1.080642e+07
1.332000e-08 -1.082942e+07
1.333000e-08 -1.085234e+07
1.334000e-08 -1.087517e+07
1.335000e-08 -1.089792e+07
1.336000e-08 -1.092058e+07
1.337000e-08 -1.094316e+07
1.338000e-08 -1.096566e+07
1.339000e-08 -1.098807e+07
1.340000e-08 -1.101039e+07
1.341000e-08 -1.103263e+07
1.342000e-08 -1.105479e+07
1.343000e-08 -1.107685e+07
1.344000e-08 -1.109884e+07
1.345000e-08 -1.112074e+07
1.346000e-08 -1.114255e+07
1.347000e-08 -1.116427e+07
1.348000e-08 -1.118591e+07
1.349000e-08 -1.120746e+07
1.350000e-08 -1.122893e+07
1.351000e-08 -1.125031e+07
1.352000e-08 -1.127160e+07
1.353000e-08 -1.129280e+07
1.354000e-08 -1.131392e+07
1.355000e-08 -1.133495e+07
1.356000e-08 -1.135590e+07
1.357000e-08 -1.137675e+07
1.358000e-08 -1.139752e+07
1.359000e-08 -1.141820e+07
1.360000e-08 -1.143879e+07
1.361000e-08 -1.145929e+07
1.362000e-08 -1.147971e+07
1.363000e-08 -1.150003e+07
1.364000e-08 -1.152027e+07
1.365000e-08 -1.154042e+07
1.366000e-08 -1.156048e+07
1.367000e-08 -1.158045e+07
1.368000e-08 -1.160034e+07
1.369000e-08 -1.162013e+07
1.370000e-08 -1.163983e+07
1.371000e-08 -1.165945e+07
1.372000e-08 -1.167897e+07
1.373000e-08 -1.169841e+07
1.374000e-08 -1.171775e+07
1.375000e-08 -1.173701e+07
1.376000e-08 -1.175618e+07
1.377000e-08 -1.177525e+07
1.378000e-08 -1.179424e+07
1.379000e-08 -1.181313e+07
1.380000e-08 -1.183194e+07
1.381000e-08 -1.185065e+07
1.382000e-08 -1.186928e+07
1.383000e-08 -1.188781e+07
1.384000e-08 -1.190625e+07
1.385000e-08 -1.192460e+07
1.386000e-08 -1.194287e+07
1.387000e-08 -1.196104e+07
1.388000e-08 -1.197911e+07
1.389000e-08 -1.199710e+07
1.390000e-08 -1.201500e+07
1.391000e-08 -1.203280e+07
1.392000e-08 -1.205052e+07
1.393000e-08 -1.206814e+07
1.394000e-08 -1.208567e+07
1.395000e-08 -1.210311e+07
1.396000e-08 -1.212046e+07
1.397000e-08 -1.213772e+07
1.398000e-08 -1.215488e+07
1.399000e-08 -1.217195e+07
1.400000e-08 -1.218893e+07
1.401000e-08 -1.220582e+07
1.402000e-08 -1.222262e+07
1.403000e-08 -1.223933e+07
1.404000e-08 -1.225594e+07
1.405000e-08 -1.227246e+07
1.406000e-08 -1.228889e+07
1.407000e-08 -1.230523e+07
1.408000e-08 -1.232147e+07
1.409000e-08 -1.233762e+07
1.410000e-08 -1.235368e+07
1.411000e-08 -1.236965e+07
1.412000e-08 -1.238553e+07
1.413000e-08 -1.240131e+07
1.414000e-08 -1.241700e+07
1.415000e-08 -1.243260e+07
1.416000e-08 -1.244811e+07
1.417000e-08 -1.246352e+07
1.418000e-08 -1.247885e+07
1.419000e-08 -1.249408e+07
1.420000e-08 -1.250921e+07
1.421000e-08 -1.252426e+07
1.422000e-08 -1.253921e+07
1.423000e-08 -1.255407e+07
1.424000e-08 -1.256884e+07
1.425000e-08 -1.258352e+07
1.426000e-08 -1.259810e+07
1.427000e-08 -1.261259e+07
1.428000e-08 -1.262699e+07
1.429000e-08 -1.264130e+07
1.430000e-08 -1.265551e+07
1.431000e-08 -1.266963e+07
1.432000e-08 -1.268367e+07
1.433000e-08 -1.269760e+07
1.434000e-08 -1.271145e+07
1.435000e-08 -1.272520e+07
1.436000e-08 -1.273887e+07
1.437000e-08 -1.275244e+07
1.438000e-08 -1.276591e+07
1.439000e-08 -1.277930e+07
1.440000e-08 -1.279260e+07
1.441000e-08 -1.280580e+07
1.442000e-08 -1.281891e+07
1.443000e-08 -1.283193e+07
1.444000e-08 -1.284486e+07
1.445000e-08 -1.285769e+07
1.446000e-08 -1.287044e+07
1.447000e-08 -1.288309e+07
1.448000e-08 -1.289566e+07
1.449000e-08 -1.290813e+07
1.450000e-08 -1.292051e+07
1.451000e-08 -1.293280e+07
1.452000e-08 -1.294500e+07
1.453000e-08 -1.295710e+07
1.454000e-08 -1.296912e+07
1.455000e-08 -1.298105e+07
1.456000e-08 -1.299288e+07
1.457000e-08 -1.300463e+07
1.458000e-08 -1.301628e+07
1.459000e-08 -1.302785e+07
1.460000e-08 -1.303932e+07
1.461000e-08 -1.305071e+07
1.462000e-08 -1.306200e+07
1.463000e-08 -1.307321e+07
1.464000e-08 -1.308432e+07
1.465000e-08 -1.309535e+07
1.466000e-08 -1.310628e+07
1.467000e-08 -1.311713e+07
1.468000e-08 -1.312789e+07
1.469000e-08 -1.313856e+07
1.470000e-08 -1.314914e+07
1.471000e-08 -1.315963e+07
1.472000e-08 -1.317003e+07
1.473000e-08 -1.318035e+07
1.474000e-08 -1.319058e+07
1.475000e-08 -1.320072e+07
1.476000e-08 -1.321077e+07
1.477000e-08 -1.322073e+07
1.478000e-08 -1.323061e+07
1.479000e-08 -1.324039e+07
1.480000e-08 -1.325010e+07
1.481000e-08 -1.325971e+07
1.482000e-08 -1.326924e+07
1.483000e-08 -1.327868e+07
1.484000e-08 -1.328803e+07
1.485000e-08 -1.329730e+07
1.486000e-08 -1.330648e+07
1.487000e-08 -1.331558e+07
1.488000e-08 -1.332459e+07
1.489000e-08 -1.333352e+07
1.490000e-08 -1.334236e+07
1.491000e-08 -1.335111e+07
1.492000e-08 -1.335978e+07
1.493000e-08 -1.336837e+07
1.494000e-08 -1.337687e+07
1.495000e-08 -1.338529e+07
1.496000e-08 -1.339362e+07
1.497000e-08 -1.340187e+07
1.498000e-08 -1.341004e+07
1.499000e-08 -1.341812e+07
1.500000e-08 -1.437557e+07
1.501000e-08 -1.438404e+07
1.502000e-08 -1.439240e+07
1.503000e-08 -1.440067e+07
1.504000e-08 -1.440884e+07
1.505000e-08 -1.441691e+07
1.506000e-08 -1.442489e+07
1.507000e-08 -1.443277e+07
1.508000e-08 -1.444056e+07
1.509000e-08 -1.444826e+07
1.510000e-08 -1.445587e+07
1.511000e-08 -1.446339e+07
1.512000e-08 -1.447082e+07
1.513000e-08 -1.447817e+07
1.514000e-08 -1.448542e+07
1.515000e-08 -1.449260e+07
1.516000e-08 -1.449968e+07
1.517000e-08 -1.450669e+07
1.518000e-08 -1.451361e+07
1.519000e-08 -1.452045e+07
1.520000e-08 -1.452721e+07
1.521000e-08 -1.453390e+07
1.522000e-08 -1.454050e+07
1.523000e-08 -1.454703e+07
1.524000e-08 -1.455347e+07
1.525000e-08 -1.455985e+07
1.526000e-08 -1.456615e+07
1.527000e-08 -1.457237e+07
1.528000e-08 -1.457853e+07
1.529000e-08 -1.458461e+07
1.530000e-08 -1.459062e+07
1.531000e-08 -1.459656e+07
1.532000e-08 -1.460243e+07
1.533000e-08 -1.460823e+07
1.534000e-08 -1.461396e+07
1.535000e-08 -1.461963e+07
1.536000e-08 -1.462523e+07
1.537000e-08 -1.463076e+07
1.538000e-08 -1.463623e+07
1.539000e-08 -1.464164e+07
1.540000e-08 -1.464698e+07
1.541000e-08 -1.465226e+07
1.542000e-08 -1.465748e+07
1.543000e-08 -1.466264e+07
1.544000e-08 -1.466774e+07
1.545000e-08 -1.467278e+07
1.546000e-08 -1.467776e+07
1.547000e-08 -1.468268e+07
1.548000e-08 -1.468755e+07
1.549000e-08 -1.469236e+07
1.550000e-08 -1.469711e+07
1.551000e-08 -1.470181e+07
1.552000e-08 -1.470645e+07
1.553000e-08 -1.471104e+07
1.554000e-08 -1.471557e+07
1.555000e-08 -1.472005e+07
1.556000e-08 -1.472448e+07
1.557000e-08 -1.472886e+07
1.558000e-08 -1.473319e+07
1.559000e-08 -1.473747e+07
1.560000e-08 -1.474170e+07
1.561000e-08 -1.474588e+07
1.562000e-08 -1.475001e+07
1.563000e-08 -1.475409e+07
1.564000e-08 -1.475812e+07
1.565000e-08 -1.476211e+07
1.566000e-08 -1.476605e+07
1.567000e-08 -1.476995e+07
1.568000e-08 -1.477380e+07
1.569000e-08 -1.477761e+07
1.570000e-08 -1.478137e+07
1.571000e-08 -1.478509e+07
1.572000e-08 -1.478877e+07
1.573000e-08 -1.479240e+07
1.574000e-08 -1.479599e+07
1.575000e-08 -1.479954e+07
1.576000e-08 -1.480305e+07
1.577000e-08 -1.480652e+07
1.578000e-08 -1.480994e+07
1.579000e-08 -1.481333e+07
1.580000e-08 -1.481668e+07
1.581000e-08 -1.481999e+07
1.582000e-08 -1.482326e+07
1.583000e-08 -1.482650e+07
1.584000e-08 -1.482969e+07
1.585000e-08 -1.483285e+07
1.586000e-08 -1.483598e+07
1.587000e-08 -1.483906e+07
1.588000e-08 -1.484211e+07
1.589000e-08 -1.484513e+07
1.590000e-08 -1.484811e+07
1.591000e-08 -1.485106e+07
1.592000e-08 -1.485397e+07
1.593000e-08 -1.485685e+07
1.594000e-08 -1.485970e+07
1.595000e-08 -1.486251e+07
1.596000e-08 -1.486529e+07
1.597000e-08 -1.486804e+07
1.598000e-08 -1.487076e+07
1.599000e-08 -1.487344e+07
1.600000e-08 -1.487610e+07
1.601000e-08 -1.487872e+07
1.602000e-08 -1.488131e+07
1.603000e-08 -1.488388e+07
1.604000e-08 -1.488641e+07
1.605000e-08 -1.488892e+07
1.606000e-08 -1.489139e+07
1.607000e-08 -1.489384e+07
1.608000e-08 -1.489626e+07
1.609000e-08 -1.489865e+07
1.610000e-08 -1.490102e+07
1.611000e-08 -1.490335e+07
1.612000e-08 -1.490566e+07
1.613000e-08 -1.490795e+07
1.614000e-08 -1.491020e+07
1.615000e-08 -1.491244e+07
1.616000e-08 -1.491464e+07
1.617000e-08 -1.491682e+07
1.618000e-08 -1.491898e+07
1.619000e-08 -1.492111e+07
1.620000e-08 -1.492321e+07
1.621000e-08 -1.492529e+07
1.622000e-08 -1.492735e+07
1.623000e-08 -1.492938e+07
1.624000e-08 -1.493139e+07
1.625000e-08 -1.493338e+07
1.626000e-08 -1.493534e+07
1.627000e-08 -1.493729e+07
1.628000e-08 -1.493921e+07
1.629000e-08 -1.494110e+07
1.630000e-08 -1.494298e+07
1.631000e-08 -1.494483e+07
1.632000e-08 -1.494666e+07
1.633000e-08 -1.494848e+07
1.634000e-08 -1.495027e+07
1.635000e-08 -1.495204e+07
1.636000e-08 -1.495379e+07
1.637000e-08 -1.495551e+07
1.638000e-08 -1.495722e+07
1.639000e-08 -1.495891e+07
1.640000e-08 -1.496058e+07
1.641000e-08 -1.496224e+07
1.642000e-08 -1.496387e+07
1.643000e-08 -1.496548e+07
1.644000e-08 -1.496708e+07
1.645000e-08 -1.496865e+07
1.646000e-08 -1.497021e+07
1.647000e-08 -1.497175e+07
1.648000e-08 -1.497327e+07
1.649000e-08 -1.497478e+07
1.650000e-08 -1.497626e+07
1.651000e-08 -1.497774e+07
1.652000e-08 -1.497919e+07
1.653000e-08 -1.498063e+07
1.654000e-08 -1.498205e+07
1.655000e-08 -1.498345e+07
1.656000e-08 -1.498484e+07
1.657000e-08 -1.498621e+07
1.658000e-08 -1.498756e+07
1.659000e-08 -1.498890e+07
1.660000e-08 -1.499023e+07
1.661000e-08 -1.499154e+07
1.662000e-08 -1.499283e+07
1.663000e-08 -1.499411e+07
1.664000e-08 -1.499538e+07
1.665000e-08 -1.499663e+07
1.666000e-08 -1.499786e+07
1.667000e-08 -1.499908e+07
1.668000e-08 -1.500029e+07
1.669000e-08 -1.500148e+07
1.670000e-08 -1.500266e+07
1.671000e-08 -1.500383e+07
1.672000e-08 -1.500498e+07
1.673000e-08 -1.500612e+07
1.674000e-08 -1.500725e+07
1.675000e-08 -1.500836e+07
1.676000e-08 -1.500946e+07
1.677000e-08 -1.501055e+07
1.678000e-08 -1.501162e+07
1.679000e-08 -1.501268e+07
1.680000e-08 -1.501373e+07
1.681000e-08 -1.501477e+07
1.682000e-08 -1.501580e+07
1.683000e-08 -1.501681e+07
1.684000e-08 -1.501781e+07
1.685000e-08 -1.501880e+07
1.686000e-08 -1.501978e+07
1.687000e-08 -1.502075e+07
1.688000e-08 -1.502170e+07
1.689000e-08 -1.502265e+07
1.690000e-08 -1.502358e+07
1.691000e-08 -1.502451e+07
1.692000e-08 -1.502542e+07
1.693000e-08 -1.502632e+07
1.694000e-08 -1.502721e+07
1.695000e-08 -1.502809e+07
1.696000e-08 -1.502896e+07
1.697000e-08 -1.502982e+07
1.698000e-08 -1.503067e+07
1.699000e-08 -1.503151e+07
1.700000e-08 -1.503234e+07
1.701000e-08 -1.503317e+07
1.702000e-08 -1.503398e+07
1.703000e-08 -1.503478e+07
1.704000e-08 -1.503557e+07
1.705000e-08 -1.503635e+07
1.706000e-08 -1.503713e+07
1.707000e-08 -1.503789e+07
1.708000e-08 -1.503865e+07
1.709000e-08 -1.503940e+07
1.710000e-08 -1.504013e+07
1.711000e-08 -1.504086e+07
1.712000e-08 -1.504158e+07
1.713000e-08 -1.504230e+07
1.714000e-08 -1.504300e+07
1.715000e-08 -1.504370e+07
1.716000e-08 -1.504438e+07
1.717000e-08 -1.504506e+07
1.718000e-08 -1.504574e+07
1.719000e-08 -1.504640e+07
1.720000e-08 -1.504705e+07
1.721000e-08 -1.504770e+07
1.722000e-08 -1.504834e+07
1.723000e-08 -1.504897e+07
1.724000e-08 -1.504960e+07
1.725000e-08 -1.505022e+07
1.726000e-08 -1.505083e+07
1.727000e-08 -1.505143e+07
1.728000e-08 -1.505203e+07
1.729000e-08 -1.505262e+07
1.730000e-08 -1.505320e+07
1.731000e-08 -1.505377e+07
1.732000e-08 -1.505434e+07
1.733000e-08 -1.505490e+07
1.734000e-08 -1.505546e+07
1.735000e-08 -1.505600e+07
1.736000e-08 -1.505654e+07
1.737000e-08 -1.505708e+07
1.738000e-08 -1.505761e+07
1.739000e-08 -1.505813e+07
1.740000e-08 -1.505864e+07
1.741000e-08 -1.505915e+07
1.742000e-08 -1.505966e+07
1.743000e-08 -1.506015e+07
1.744000e-08 -1.506065e+07
1.745000e-08 -1.506113e+07
1.746000e-08 -1.506161e+07
1.747000e-08 -1.506208e+07
1.748000e-08 -1.506255e+07
1.749000e-08 -1.506301e+07
1.750000e-08 -1.506347e+07
1.751000e-08 -1.506392e+07
1.752000e-08 -1.506437e+07
1.753000e-08 -1.506481e+07
1.754000e-08 -1.506524e+07
1.755000e-08 -1.506567e+07
1.756000e-08 -1.506609e+07
1.757000e-08 -1.506651e+07
1.758000e-08 -1.506693e+07
1.759000e-08 -1.506734e+07
1.760000e-08 -1.506774e+07
1.761000e-08 -1.506814e+07
1.762000e-08 -1.506853e+07
1.763000e-08 -1.506892e+07
1.764000e-08 -1.506930e+07
1.765000e-08 -1.506968e+07
1.766000e-08 -1.507006e+07
1.767000e-08 -1.507043e+07
1.768000e-08 -1.507079e+07
1.769000e-08 -1.507115e+07
1.770000e-08 -1.507151e+07
1.771000e-08 -1.507186e+07
1.772000e-08 -1.507221e+07
1.773000e-08 -1.507255e+07
1.774000e-08 -1.507289e+07
1.775000e-08 -1.507322e+07
1.776000e-08 -1.507355e+07
1.777000e-08 -1.507388e+07
1.778000e-08 -1.507420e+07
1.779000e-08 -1.507452e+07
1.780000e-08 -1.507483e+07
1.781000e-08 -1.507514e+07
1.782000e-08 -1.507544e+07
1.783000e-08 -1.507575e+07
1.784000e-08 -1.507604e+07
1.785000e-08 -1.507634e+07
1.786000e-08 -1.507663e+07
1.787000e-08 -1.507691e+07
1.788000e-08 -1.507720e+07
1.789000e-08 -1.507748e+07
1.790000e-08 -1.507775e+07
1.791000e-08 -1.507802e+07
1.792000e-08 -1.507829e+07
1.793000e-08 -1.507856e+07
1.794000e-08 -1.507882e+07
1.795000e-08 -1.507907e+07
1.796000e-08 -1.507933e+07
1.797000e-08 -1.507958e+07
1.798000e-08 -1.507983e+07
1.799000e-08 -1.508007e+07
1.800000e-08 -1.508031e+07
1.801000e-08 -1.508055e+07
1.802000e-08 -1.508079e+07
1.803000e-08 -1.508102e+07
1.804000e-08 -1.508125e+07
1.805000e-08 -1.508147e+07
1.806000e-08 -1.508169e+07
1.807000e-08 -1.508191e+07
1.808000e-08 -1.508213e+07
1.809000e-08 -1.508234e+07
1.810000e-08 -1.508255e+07
1.811000e-08 -1.508276e+07
1.812000e-08 -1.508297e+07
1.813000e-08 -1.508317e+07
1.814000e-08 -1.508337e+07
1.815000e-08 -1.508356e+07
1.816000e-08 -1.508376e+07
1.817000e-08 -1.508395e+07
1.818000e-08 -1.508414e+07
1.819000e-08 -1.508432e+07
1.820000e-08 -1.508451e+07
1.821000e-08 -1.508469e+07
1.822000e-08 -1.508487e+07
1.823000e-08 -1.508504e+07
1.824000e-08 -1.508521e+07
1.825000e-08 -1.508538e+07
1.826000e-08 -1.508555e+07
1.827000e-08 -1.508572e+07
1.828000e-08 -1.508588e+07
1.829000e-08 -1.508604e+07
1.830000e-08 -1.508620e+07
1.831000e-08 -1.508636e+07
1.832000e-08 -1.508651e+07
1.833000e-08 -1.508666e+07
1.834000e-08 -1.508681e+07
1.835000e-08 -1.508696e+07
1.836000e-08 -1.508711e+07
1.837000e-08 -1.508725e+07
1.838000e-08 -1.508739e+07
1.839000e-08 -1.508753e+07
1.840000e-08 -1.508766e+07
1.841000e-08 -1.508780e+07
1.842000e-08 -1.508793e+07
1.843000e-08 -1.508806e+07
1.844000e-08 -1.508819e+07
1.845000e-08 -1.508832e+07
1.846000e-08 -1.508844e+07
1.847000e-08 -1.508856e+07
1.848000e-08 -1.508869e+07
1.849000e-08 -1.508880e+07
1.850000e-08 -1.508892e+07
1.851000e-08 -1.508904e+07
1.852000e-08 -1.508915e+07
1.853000e-08 -1.508926e+07
1.854000e-08 -1.508937e+07
1.855000e-08 -1.508948e+07
1.856000e-08 -1.508959e+07
1.857000e-08 -1.508969e+07
1.858000e-08 -1.508979e+07
1.859000e-08 -1.508989e+07
1.860000e-08 -1.508999e+07
1.861000e-08 -1.509009e+07
1.862000e-08 -1.509019e+07
1.863000e-08 -1.509028e+07
1.864000e-08 -1.509037e+07
1.865000e-08 -1.509047e+07
1.866000e-08 -1.509056e+07
1.867000e-08 -1.509064e+07
1.868000e-08 -1.509073e+07
1.869000e-08 -1.509082e+07
1.870000e-08 -1.509090e+07
1.871000e-08 -1.509098e+07
1.872000e-08 -1.509106e+07
1.873000e-08 -1.509114e+07
1.874000e-08 -1.509122e+07
1.875000e-08 -1.509130e+07
1.876000e-08 -1.509137e+07
1.877000e-08 -1.509145e+07
1.878000e-08 -1.509152e+07
1.879000e-08 -1.509159e+07
1.880000e-08 -1.509166e+07
1.881000e-08 -1.509173e+07
1.882000e-08 -1.509180e+07
1.883000e-08 -1.509186e+07
1.884000e-08 -1.509193e+07
1.885000e-08 -1.509199e+07
1.886000e-08 -1.509205e+07
1.887000e-08 -1.509211e+07
1.888000e-08 -1.509217e+07
1.889000e-08 -1.509223e+07
1.890000e-08 -1.509229e+07
1.891000e-08 -1.509235e+07
1.892000e-08 -1.509240e+07
1.893000e-08 -1.509246e+07
1.894000e-08 -1.509251e+07
1.895000e-08 -1.509256e+07
1.896000e-08 -1.509261e+07
1.897000e-08 -1.509266e+07
1.898000e-08 -1.509271e+07
1.899000e-08 -1.509276e+07
1.900000e-08 -1.501771e+07
1.901000e-08 -1.486756e+07
1.902000e-08 -1.471742e+07
1.903000e-08 -1.456727e+07
1.904000e-08 -1.441712e+07
1.905000e-08 -1.426697e+07
1.906000e-08 -1.411682e+07
1.907000e-08 -1.396667e+07
1.908000e-08 -1.381651e+07
1.909000e-08 -1.366636e+07
1.910000e-08 -1.351621e+07
1.911000e-08 -1.336605e+07
1.912000e-08 -1.321589e+07
1.913000e-08 -1.306574e+07
1.914000e-08 -1.291558e+07
1.915000e-08 -1.276542e+07
1.916000e-08 -1.261526e+07
1.917000e-08 -1.246510e+07
1.918000e-08 -1.231494e+07
1.919000e-08 -1.216478e+07
1.920000e-08 -1.201461e+07
1.921000e-08 -1.186445e+07
1.922000e-08 -1.171429e+07
1.923000e-08 -1.156412e+07
1.924000e-08 -1.141395e+07
1.925000e-08 -1.126379e+07
1.926000e-08 -1.111362e+07
1.927000e-08 -1.096345e+07
1.928000e-08 -1.081328e+07
1.929000e-08 -1.066311e+07
1.930000e-08 -1.051294e+07
1.931000e-08 -1.036277e+07
1.932000e-08 -1.021260e+07
1.933000e-08 -1.006243e+07
1.934000e-08 -9.912258e+06
1.935000e-08 -9.762085e+06
1.936000e-08 -9.611911e+06
1.937000e-08 -9.461737e+06
1.938000e-08 -9.311562e+06
1.939000e-08 -9.161387e+06
1.940000e-08 -9.011211e+06
1.941000e-08 -8.861034e+06
1.942000e-08 -8.710857e+06
1.943000e-08 -8.560679e+06
1.944000e-08 -8.410501e+06
1.945000e-08 -8.260323e+06
1.946000e-08 -8.110143e+06
1.947000e-08 -7.959964e+06
1.948000e-08 -7.809784e+06
1.949000e-08 -7.659603e+06
1.950000e-08 -7.509422e+06
1.951000e-08 -7.359241e+06
1.952000e-08 -7.209059e+06
1.953000e-08 -7.058877e+06
1.954000e-08 -6.908694e+06
1.955000e-08 -6.758511e+06
1.956000e-08 -6.608327e+06
1.957000e-08 -6.458143e+06
1.958000e-08 -6.307959e+06
1.959000e-08 -6.157774e+06
1.960000e-08 -6.007589e+06
1.961000e-08 -5.857404e+06
1.962000e-08 -5.707218e+06
1.963000e-08 -5.557032e+06
1.964000e-08 -5.406846e+06
1.965000e-08 -5.256659e+06
1.966000e-08 -5.106472e+06
1.967000e-08 -4.956285e+06
1.968000e-08 -4.806097e+06
1.969000e-08 -4.655910e+06
1.970000e-08 -4.505722e+06
1.971000e-08 -4.355533e+06
1.972000e-08 -4.205345e+06
1.973000e-08 -4.055156e+06
1.974000e-08 -3.904967e+06
1.975000e-08 -3.754778e+06
1.976000e-08 -3.604588e+06
1.977000e-08 -3.454398e+06
1.978000e-08 -3.304208e+06
1.979000e-08 -3.154018e+06
1.980000e-08 -3.003828e+06
1.981000e-08 -2.853638e+06
1.982000e-08 -2.703447e+06
1.983000e-08 -2.553256e+06
1.984000e-08 -2.403066e+06
1.985000e-08 -2.252875e+06
1.986000e-08 -2.102683e+06
1.987000e-08 -1.952492e+06
1.988000e-08 -1.802301e+06
1.989000e-08 -1.652110e+06
1.990000e-08 -1.501918e+06
1.991000e-08 -1.351726e+06
1.992000e-08 -1.201535e+06
1.993000e-08 -1.051343e+06
1.994000e-08 -9.011513e+05
1.995000e-08 -7.509594e+05
1.996000e-08 -6.007676e+05
1.997000e-08 -4.505757e+05
1.998000e-08 -3.003838e+05
1.999000e-08 -1.501919e+05
