0.000000e+00 1.893198e-19
1.000000e-11 1.893200e-19
2.000000e-11 1.893205e-19
3.000000e-11 1.893212e-19
4.000000e-11 1.893222e-19
5.000000e-11 1.893234e-19
6.000000e-11 1.893248e-19
7.000000e-11 1.893265e-19
8.000000e-11 1.893284e-19
9.000000e-11 1.893306e-19
1.000000e-10 1.893330e-19
1.100000e-10 1.893356e-19
1.200000e-10 1.893385e-19
1.300000e-10 1.893417e-19
1.400000e-10 1.893450e-19
1.500000e-10 1.893486e-19
1.600000e-10 1.893525e-19
1.700000e-10 1.893566e-19
1.800000e-10 1.893609e-19
1.900000e-10 1.893655e-19
2.000000e-10 1.893703e-19
2.100000e-10 1.893754e-19
2.200000e-10 1.893806e-19
2.300000e-10 1.893862e-19
2.400000e-10 1.893920e-19
2.500000e-10 1.893980e-19
2.600000e-10 1.894042e-19
2.700000e-10 1.894107e-19
2.800000e-10 1.894175e-19
2.900000e-10 1.894244e-19
3.000000e-10 1.894317e-19
3.100000e-10 1.894391e-19
3.200000e-10 1.894468e-19
3.300000e-10 1.894548e-19
3.400000e-10 1.894629e-19
3.500000e-10 1.894714e-19
3.600000e-10 1.894800e-19
3.700000e-10 1.894889e-19
3.800000e-10 1.894981e-19
3.900000e-10 1.895075e-19
4.000000e-10 1.895171e-19
4.100000e-10 1.895269e-19
4.200000e-10 1.895371e-19
4.300000e-10 1.895474e-19
4.400000e-10 1.895580e-19
4.500000e-10 1.895688e-19
4.600000e-10 1.895799e-19
4.700000e-10 1.895912e-19
4.800000e-10 1.896027e-19
4.900000e-10 1.896145e-19
5.000000e-10 1.896266e-19
5.100000e-10 1.896388e-19
5.200000e-10 1.896514e-19
5.300000e-10 1.896641e-19
5.400000e-10 1.896771e-19
5.500000e-10 1.896903e-19
5.600000e-10 1.897038e-19
5.700000e-10 1.897175e-19
5.800000e-10 1.897315e-19
5.900000e-10 1.897457e-19
6.000000e-10 1.897601e-19
6.100000e-10 1.897748e-19
6.200000e-10 1.897897e-19
6.300000e-10 1.898049e-19
6.400000e-10 1.898203e-19
6.500000e-10 1.898359e-19
6.600000e-10 1.898518e-19
6.700000e-10 1.898679e-19
6.800000e-10 1.898843e-19
6.900000e-10 1.899009e-19
7.000000e-10 1.899177e-19
7.100000e-10 1.899348e-19
7.200000e-10 1.899521e-19
7.300000e-10 1.899697e-19
7.400000e-10 1.899875e-19
7.500000e-10 1.900056e-19
7.600000e-10 1.900238e-19
7.700000e-10 1.900424e-19
7.800000e-10 1.900611e-19
7.900000e-10 1.900801e-19
8.000000e-10 1.900994e-19
8.100000e-10 1.901189e-19
8.200000e-10 1.901386e-19
8.300000e-10 1.901586e-19
8.400000e-10 1.901788e-19
8.500000e-10 1.901993e-19
8.600000e-10 1.902199e-19
8.700000e-10 1.902409e-19
8.800000e-10 1.902621e-19
8.900000e-10 1.902835e-19
9.000000e-10 1.903051e-19
9.100000e-10 1.903270e-19
9.200000e-10 1.903492e-19
9.300000e-10 1.903715e-19
9.400000e-10 1.903941e-19
9.500000e-10 1.904170e-19
9.600000e-10 1.904401e-19
9.700000e-10 1.904634e-19
9.800000e-10 1.904870e-19
9.900000e-10 1.905108e-19
1.000000e-09 1.905348e-19
1.010000e-09 1.905587e-19
1.020000e-09 1.905827e-19
1.030000e-09 1.906066e-19
1.040000e-09 1.906305e-19
1.050000e-09 1.906545e-19
1.060000e-09 1.906784e-19
1.070000e-09 1.907024e-19
1.080000e-09 1.907263e-19
1.090000e-09 1.907502e-19
1.100000e-09 1.907742e-19
1.110000e-09 1.907981e-19
1.120000e-09 1.908221e-19
1.130000e-09 1.908460e-19
1.140000e-09 1.908699e-19
1.150000e-09 1.908939e-19
1.160000e-09 1.909178e-19
1.170000e-09 1.909418e-19
1.180000e-09 1.909657e-19
1.190000e-09 1.909896e-19
1.200000e-09 1.910136e-19
1.210000e-09 1.910375e-19
1.220000e-09 1.910615e-19
1.230000e-09 1.910854e-19
1.240000e-09 1.911093e-19
1.250000e-09 1.911333e-19
1.260000e-09 1.911572e-19
1.270000e-09 1.911812e-19
1.280000e-09 1.912051e-19
1.290000e-09 1.912290e-19
1.300000e-09 1.912530e-19
1.310000e-09 1.912769e-19
1.320000e-09 1.913008e-19
1.330000e-09 1.913248e-19
1.340000e-09 1.913487e-19
1.350000e-09 1.913726e-19
1.360000e-09 1.913966e-19
1.370000e-09 1.914205e-19
1.380000e-09 1.914445e-19
1.390000e-09 1.914684e-19
1.400000e-09 1.914923e-19
1.410000e-09 1.915163e-19
1.420000e-09 1.915402e-19
1.430000e-09 1.915641e-19
1.440000e-09 1.915881e-19
1.450000e-09 1.916120e-19
1.460000e-09 1.916359e-19
1.470000e-09 1.916599e-19
1.480000e-09 1.916838e-19
1.490000e-09 1.917078e-19
1.500000e-09 1.917317e-19
1.510000e-09 1.917556e-19
1.520000e-09 1.917796e-19
1.530000e-09 1.918035e-19
1.540000e-09 1.918274e-19
1.550000e-09 1.918514e-19
1.560000e-09 1.918753e-19
1.570000e-09 1.918992e-19
1.580000e-09 1.919232e-19
1.590000e-09 1.919471e-19
1.600000e-09 1.919710e-19
1.610000e-09 1.919950e-19
1.620000e-09 1.920189e-19
1.630000e-09 1.920428e-19
1.640000e-09 1.920667e-19
1.650000e-09 1.920907e-19
1.660000e-09 1.921146e-19
1.670000e-09 1.921385e-19
1.680000e-09 1.921625e-19
1.690000e-09 1.921864e-19
1.700000e-09 1.922103e-19
1.710000e-09 1.922343e-19
1.720000e-09 1.922582e-19
1.730000e-09 1.922821e-19
1.740000e-09 1.923060e-19
1.750000e-09 1.923300e-19
1.760000e-09 1.923539e-19
1.770000e-09 1.923778e-19
1.780000e-09 1.924018e-19
1.790000e-09 1.924257e-19
1.800000e-09 1.924496e-19
1.810000e-09 1.924735e-19
1.820000e-09 1.924975e-19
1.830000e-09 1.925214e-19
1.840000e-09 1.925453e-19
1.850000e-09 1.925693e-19
1.860000e-09 1.925932e-19
1.870000e-09 1.926171e-19
1.880000e-09 1.926410e-19
1.890000e-09 1.926650e-19
1.900000e-09 1.926889e-19
1.910000e-09 1.927128e-19
1.920000e-09 1.927367e-19
1.930000e-09 1.927606e-19
1.940000e-09 1.927846e-19
1.950000e-09 1.928085e-19
1.960000e-09 1.928324e-19
1.970000e-09 1.928563e-19
1.980000e-09 1.928803e-19
1.990000e-09 1.929042e-19
2.000000e-09 1.929281e-19
2.010000e-09 1.929520e-19
2.020000e-09 1.929759e-19
2.030000e-09 1.929999e-19
2.040000e-09 1.930238e-19
2.050000e-09 1.930477e-19
2.060000e-09 1.930716e-19
2.070000e-09 1.930955e-19
2.080000e-09 1.931195e-19
2.090000e-09 1.931434e-19
2.100000e-09 1.931673e-19
2.110000e-09 1.931912e-19
2.120000e-09 1.932151e-19
2.130000e-09 1.932390e-19
2.140000e-09 1.932629e-19
2.150000e-09 1.932869e-19
2.160000e-09 1.933108e-19
2.170000e-09 1.933347e-19
2.180000e-09 1.933586e-19
2.190000e-09 1.933825e-19
2.200000e-09 1.934064e-19
2.210000e-09 1.934303e-19
2.220000e-09 1.934542e-19
2.230000e-09 1.934782e-19
2.240000e-09 1.935021e-19
2.250000e-09 1.935260e-19
2.260000e-09 1.935499e-19
2.270000e-09 1.935738e-19
2.280000e-09 1.935977e-19
2.290000e-09 1.936216e-19
2.300000e-09 1.936455e-19
2.310000e-09 1.936694e-19
2.320000e-09 1.936933e-19
2.330000e-09 1.937172e-19
2.340000e-09 1.937411e-19
2.350000e-09 1.937650e-19
2.360000e-09 1.937889e-19
2.370000e-09 1.938128e-19
2.380000e-09 1.938368e-19
2.390000e-09 1.938607e-19
2.400000e-09 1.938846e-19
2.410000e-09 1.939085e-19
2.420000e-09 1.939324e-19
2.430000e-09 1.939563e-19
2.440000e-09 1.939802e-19
2.450000e-09 1.940040e-19
2.460000e-09 1.940279e-19
2.470000e-09 1.940518e-19
2.480000e-09 1.940757e-19
2.490000e-09 1.940996e-19
2.500000e-09 1.941235e-19
2.510000e-09 1.941474e-19
2.520000e-09 1.941713e-19
2.530000e-09 1.941952e-19
2.540000e-09 1.942191e-19
2.550000e-09 1.942430e-19
2.560000e-09 1.942669e-19
2.570000e-09 1.942908e-19
2.580000e-09 1.943146e-19
2.590000e-09 1.943385e-19
2.600000e-09 1.943624e-19
2.610000e-09 1.943863e-19
2.620000e-09 1.944102e-19
2.630000e-09 1.944341e-19
2.640000e-09 1.944580e-19
2.650000e-09 1.944818e-19
2.660000e-09 1.945057e-19
2.670000e-09 1.945296e-19
2.680000e-09 1.945535e-19
2.690000e-09 1.945774e-19
2.700000e-09 1.946012e-19
2.710000e-09 1.946251e-19
2.720000e-09 1.946490e-19
2.730000e-09 1.946729e-19
2.740000e-09 1.946967e-19
2.750000e-09 1.947206e-19
2.760000e-09 1.947445e-19
2.770000e-09 1.947684e-19
2.780000e-09 1.947922e-19
2.790000e-09 1.948161e-19
2.800000e-09 1.948400e-19
2.810000e-09 1.948638e-19
2.820000e-09 1.948877e-19
2.830000e-09 1.949116e-19
2.840000e-09 1.949354e-19
2.850000e-09 1.949593e-19
2.860000e-09 1.949831e-19
2.870000e-09 1.950070e-19
2.880000e-09 1.950309e-19
2.890000e-09 1.950547e-19
2.900000e-09 1.950786e-19
2.910000e-09 1.951024e-19
2.920000e-09 1.951263e-19
2.930000e-09 1.951501e-19
2.940000e-09 1.951740e-19
2.950000e-09 1.951978e-19
2.960000e-09 1.952217e-19
2.970000e-09 1.952455e-19
2.980000e-09 1.952694e-19
2.990000e-09 1.952932e-19
3.000000e-09 1.953171e-19
3.010000e-09 1.953409e-19
3.020000e-09 1.953648e-19
3.030000e-09 1.953886e-19
3.040000e-09 1.954124e-19
3.050000e-09 1.954363e-19
3.060000e-09 1.954601e-19
3.070000e-09 1.954840e-19
3.080000e-09 1.955078e-19
3.090000e-09 1.955316e-19
3.100000e-09 1.955554e-19
3.110000e-09 1.955793e-19
3.120000e-09 1.956031e-19
3.130000e-09 1.956269e-19
3.140000e-09 1.956508e-19
3.150000e-09 1.956746e-19
3.160000e-09 1.956984e-19
3.170000e-09 1.957222e-19
3.180000e-09 1.957460e-19
3.190000e-09 1.957699e-19
3.200000e-09 1.957937e-19
3.210000e-09 1.958175e-19
3.220000e-09 1.958413e-19
3.230000e-09 1.958651e-19
3.240000e-09 1.958889e-19
3.250000e-09 1.959127e-19
3.260000e-09 1.959365e-19
3.270000e-09 1.959603e-19
3.280000e-09 1.959841e-19
3.290000e-09 1.960079e-19
3.300000e-09 1.960317e-19
3.310000e-09 1.960555e-19
3.320000e-09 1.960793e-19
3.330000e-09 1.961031e-19
3.340000e-09 1.961269e-19
3.350000e-09 1.961507e-19
3.360000e-09 1.961745e-19
3.370000e-09 1.961982e-19
3.380000e-09 1.962220e-19
3.390000e-09 1.962458e-19
3.400000e-09 1.962696e-19
3.410000e-09 1.962934e-19
3.420000e-09 1.963171e-19
3.430000e-09 1.963409e-19
3.440000e-09 1.963647e-19
3.450000e-09 1.963884e-19
3.460000e-09 1.964122e-19
3.470000e-09 1.964360e-19
3.480000e-09 1.964597e-19
3.490000e-09 1.964835e-19
3.500000e-09 1.965072e-19
3.510000e-09 1.965310e-19
3.520000e-09 1.965547e-19
3.530000e-09 1.965785e-19
3.540000e-09 1.966022e-19
3.550000e-09 1.966260e-19
3.560000e-09 1.966497e-19
3.570000e-09 1.966735e-19
3.580000e-09 1.966972e-19
3.590000e-09 1.967209e-19
3.600000e-09 1.967447e-19
3.610000e-09 1.967684e-19
3.620000e-09 1.967921e-19
3.630000e-09 1.968158e-19
3.640000e-09 1.968395e-19
3.650000e-09 1.968633e-19
3.660000e-09 1.968870e-19
3.670000e-09 1.969107e-19
3.680000e-09 1.969344e-19
3.690000e-09 1.969581e-19
3.700000e-09 1.969818e-19
3.710000e-09 1.970055e-19
3.720000e-09 1.970292e-19
3.730000e-09 1.970529e-19
3.740000e-09 1.970766e-19
3.750000e-09 1.971003e-19
3.760000e-09 1.971239e-19
3.770000e-09 1.971476e-19
3.780000e-09 1.971713e-19
3.790000e-09 1.971950e-19
3.800000e-09 1.972186e-19
3.810000e-09 1.972423e-19
3.820000e-09 1.972660e-19
3.830000e-09 1.972896e-19
3.840000e-09 1.973133e-19
3.850000e-09 1.973369e-19
3.860000e-09 1.973606e-19
3.870000e-09 1.973842e-19
3.880000e-09 1.974079e-19
3.890000e-09 1.974315e-19
3.900000e-09 1.974552e-19
3.910000e-09 1.974788e-19
3.920000e-09 1.975024e-19
3.930000e-09 1.975260e-19
3.940000e-09 1.975497e-19
3.950000e-09 1.975733e-19
3.960000e-09 1.975969e-19
3.970000e-09 1.976205e-19
3.980000e-09 1.976441e-19
3.990000e-09 1.976677e-19
4.000000e-09 1.976913e-19
4.010000e-09 1.977149e-19
4.020000e-09 1.977385e-19
4.030000e-09 1.977621e-19
4.040000e-09 1.977856e-19
4.050000e-09 1.978092e-19
4.060000e-09 1.978328e-19
4.070000e-09 1.978563e-19
4.080000e-09 1.978799e-19
4.090000e-09 1.979035e-19
4.100000e-09 1.979270e-19
4.110000e-09 1.979505e-19
4.120000e-09 1.979741e-19
4.130000e-09 1.979976e-19
4.140000e-09 1.980212e-19
4.150000e-09 1.980447e-19
4.160000e-09 1.980682e-19
4.170000e-09 1.980917e-19
4.180000e-09 1.981152e-19
4.190000e-09 1.981387e-19
4.200000e-09 1.981622e-19
4.210000e-09 1.981857e-19
4.220000e-09 1.982092e-19
4.230000e-09 1.982327e-19
4.240000e-09 1.982562e-19
4.250000e-09 1.982797e-19
4.260000e-09 1.983031e-19
4.270000e-09 1.983266e-19
4.280000e-09 1.983500e-19
4.290000e-09 1.983735e-19
4.300000e-09 1.983969e-19
4.310000e-09 1.984204e-19
4.320000e-09 1.984438e-19
4.330000e-09 1.984672e-19
4.340000e-09 1.984906e-19
4.350000e-09 1.985141e-19
4.360000e-09 1.985375e-19
4.370000e-09 1.985609e-19
4.380000e-09 1.985843e-19
4.390000e-09 1.986076e-19
4.400000e-09 1.986310e-19
4.410000e-09 1.986544e-19
4.420000e-09 1.986778e-19
4.430000e-09 1.987011e-19
4.440000e-09 1.987245e-19
4.450000e-09 1.987478e-19
4.460000e-09 1.987712e-19
4.470000e-09 1.987945e-19
4.480000e-09 1.988178e-19
4.490000e-09 1.988411e-19
4.500000e-09 1.988644e-19
4.510000e-09 1.988877e-19
4.520000e-09 1.989110e-19
4.530000e-09 1.989343e-19
4.540000e-09 1.989576e-19
4.550000e-09 1.989809e-19
4.560000e-09 1.990041e-19
4.570000e-09 1.990274e-19
4.580000e-09 1.990506e-19
4.590000e-09 1.990739e-19
4.600000e-09 1.990971e-19
4.610000e-09 1.991203e-19
4.620000e-09 1.991435e-19
4.630000e-09 1.991667e-19
4.640000e-09 1.991899e-19
4.650000e-09 1.992131e-19
4.660000e-09 1.992363e-19
4.670000e-09 1.992595e-19
4.680000e-09 1.992826e-19
4.690000e-09 1.993058e-19
4.700000e-09 1.993289e-19
4.710000e-09 1.993520e-19
4.720000e-09 1.993751e-19
4.730000e-09 1.993983e-19
4.740000e-09 1.994214e-19
4.750000e-09 1.994444e-19
4.760000e-09 1.994675e-19
4.770000e-09 1.994906e-19
4.780000e-09 1.995137e-19
4.790000e-09 1.995367e-19
4.800000e-09 1.995597e-19
4.810000e-09 1.995828e-19
4.820000e-09 1.996058e-19
4.830000e-09 1.996288e-19
4.840000e-09 1.996518e-19
4.850000e-09 1.996748e-19
4.860000e-09 1.996977e-19
4.870000e-09 1.997207e-19
4.880000e-09 1.997436e-19
4.890000e-09 1.997666e-19
4.900000e-09 1.997895e-19
4.910000e-09 1.998124e-19
4.920000e-09 1.998353e-19
4.930000e-09 1.998582e-19
4.940000e-09 1.998811e-19
4.950000e-09 1.999039e-19
4.960000e-09 1.999268e-19
4.970000e-09 1.999496e-19
4.980000e-09 1.999724e-19
4.990000e-09 1.999952e-19
5.000000e-09 1.588171e-19
5.010000e-09 1.588384e-19
5.020000e-09 1.588597e-19
5.030000e-09 1.588809e-19
5.040000e-09 1.589022e-19
5.050000e-09 1.589234e-19
5.060000e-09 1.589446e-19
5.070000e-09 1.589658e-19
5.080000e-09 1.589870e-19
5.090000e-09 1.590081e-19
5.100000e-09 1.590293e-19
5.110000e-09 1.590504e-19
5.120000e-09 1.590716e-19
5.130000e-09 1.590927e-19
5.140000e-09 1.591138e-19
5.150000e-09 1.591349e-19
5.160000e-09 1.591559e-19
5.170000e-09 1.591770e-19
5.180000e-09 1.591980e-19
5.190000e-09 1.592190e-19
5.200000e-09 1.592400e-19
5.210000e-09 1.592610e-19
5.220000e-09 1.592820e-19
5.230000e-09 1.593030e-19
5.240000e-09 1.593239e-19
5.250000e-09 1.593448e-19
5.260000e-09 1.593658e-19
5.270000e-09 1.593867e-19
5.280000e-09 1.594075e-19
5.290000e-09 1.594284e-19
5.300000e-09 1.594492e-19
5.310000e-09 1.594701e-19
5.320000e-09 1.594909e-19
5.330000e-09 1.595117e-19
5.340000e-09 1.595325e-19
5.350000e-09 1.595532e-19
5.360000e-09 1.595740e-19
5.370000e-09 1.595947e-19
5.380000e-09 1.596154e-19
5.390000e-09 1.596361e-19
5.400000e-09 1.596568e-19
5.410000e-09 1.596774e-19
5.420000e-09 1.596980e-19
5.430000e-09 1.597187e-19
5.440000e-09 1.597393e-19
5.450000e-09 1.597598e-19
5.460000e-09 1.597804e-19
5.470000e-09 1.598009e-19
5.480000e-09 1.598215e-19
5.490000e-09 1.598420e-19
5.500000e-09 1.598624e-19
5.510000e-09 1.598829e-19
5.520000e-09 1.599033e-19
5.530000e-09 1.599238e-19
5.540000e-09 1.599442e-19
5.550000e-09 1.599645e-19
5.560000e-09 1.599849e-19
5.570000e-09 1.600052e-19
5.580000e-09 1.600256e-19
5.590000e-09 1.600459e-19
5.600000e-09 1.600661e-19
5.610000e-09 1.600864e-19
5.620000e-09 1.601066e-19
5.630000e-09 1.601268e-19
5.640000e-09 1.601470e-19
5.650000e-09 1.601672e-19
5.660000e-09 1.601874e-19
5.670000e-09 1.602075e-19
5.680000e-09 1.602276e-19
5.690000e-09 1.602477e-19
5.700000e-09 1.602677e-19
5.710000e-09 1.602878e-19
5.720000e-09 1.603078e-19
5.730000e-09 1.603278e-19
5.740000e-09 1.603477e-19
5.750000e-09 1.603677e-19
5.760000e-09 1.603876e-19
5.770000e-09 1.604075e-19
5.780000e-09 1.604274e-19
5.790000e-09 1.604472e-19
5.800000e-09 1.604670e-19
5.810000e-09 1.604868e-19
5.820000e-09 1.605066e-19
5.830000e-09 1.605264e-19
5.840000e-09 1.605461e-19
5.850000e-09 1.605658e-19
5.860000e-09 1.605855e-19
5.870000e-09 1.606051e-19
5.880000e-09 1.606248e-19
5.890000e-09 1.606444e-19
5.900000e-09 1.606639e-19
5.910000e-09 1.606835e-19
5.920000e-09 1.607030e-19
5.930000e-09 1.607225e-19
5.940000e-09 1.607420e-19
5.950000e-09 1.607614e-19
5.960000e-09 1.607809e-19
5.970000e-09 1.608003e-19
5.980000e-09 1.608196e-19
5.990000e-09 1.608390e-19
6.000000e-09 1.608583e-19
6.010000e-09 1.608776e-19
6.020000e-09 1.608968e-19
6.030000e-09 1.609161e-19
6.040000e-09 1.609353e-19
6.050000e-09 1.609545e-19
6.060000e-09 1.609736e-19
6.070000e-09 1.609927e-19
6.080000e-09 1.610118e-19
6.090000e-09 1.610309e-19
6.100000e-09 1.610499e-19
6.110000e-09 1.610689e-19
6.120000e-09 1.610879e-19
6.130000e-09 1.611069e-19
6.140000e-09 1.611258e-19
6.150000e-09 1.611447e-19
6.160000e-09 1.611636e-19
6.170000e-09 1.611824e-19
6.180000e-09 1.612012e-19
6.190000e-09 1.612200e-19
6.200000e-09 1.612387e-19
6.210000e-09 1.612574e-19
6.220000e-09 1.612761e-19
6.230000e-09 1.612948e-19
6.240000e-09 1.613134e-19
6.250000e-09 1.613320e-19
6.260000e-09 1.613506e-19
6.270000e-09 1.613691e-19
6.280000e-09 1.613876e-19
6.290000e-09 1.614061e-19
6.300000e-09 1.614245e-19
6.310000e-09 1.614429e-19
6.320000e-09 1.614613e-19
6.330000e-09 1.614796e-19
6.340000e-09 1.614979e-19
6.350000e-09 1.615162e-19
6.360000e-09 1.615345e-19
6.370000e-09 1.615527e-19
6.380000e-09 1.615709e-19
6.390000e-09 1.615890e-19
6.400000e-09 1.616071e-19
6.410000e-09 1.616252e-19
6.420000e-09 1.616433e-19
6.430000e-09 1.616613e-19
6.440000e-09 1.616793e-19
6.450000e-09 1.616973e-19
6.460000e-09 1.617152e-19
6.470000e-09 1.617331e-19
6.480000e-09 1.617509e-19
6.490000e-09 1.617687e-19
6.500000e-09 1.617865e-19
6.510000e-09 1.618043e-19
6.520000e-09 1.618220e-19
6.530000e-09 1.618397e-19
6.540000e-09 1.618573e-19
6.550000e-09 1.618749e-19
6.560000e-09 1.618925e-19
6.570000e-09 1.619100e-19
6.580000e-09 1.619276e-19
6.590000e-09 1.619450e-19
6.600000e-09 1.619625e-19
6.610000e-09 1.619799e-19
6.620000e-09 1.619972e-19
6.630000e-09 1.620146e-19
6.640000e-09 1.620319e-19
6.650000e-09 1.620491e-19
6.660000e-09 1.620663e-19
6.670000e-09 1.620835e-19
6.680000e-09 1.621007e-19
6.690000e-09 1.621178e-19
6.700000e-09 1.621348e-19
6.710000e-09 1.621519e-19
6.720000e-09 1.621689e-19
6.730000e-09 1.621859e-19
6.740000e-09 1.622028e-19
6.750000e-09 1.622197e-19
6.760000e-09 1.622365e-19
6.770000e-09 1.622533e-19
6.780000e-09 1.622701e-19
6.790000e-09 1.622868e-19
6.800000e-09 1.623035e-19
6.810000e-09 1.623202e-19
6.820000e-09 1.623368e-19
6.830000e-09 1.623534e-19
6.840000e-09 1.623700e-19
6.850000e-09 1.623865e-19
6.860000e-09 1.624029e-19
6.870000e-09 1.624194e-19
6.880000e-09 1.624358e-19
6.890000e-09 1.624521e-19
6.900000e-09 1.624684e-19
6.910000e-09 1.624847e-19
6.920000e-09 1.625009e-19
6.930000e-09 1.625171e-19
6.940000e-09 1.625333e-19
6.950000e-09 1.625494e-19
6.960000e-09 1.625655e-19
6.970000e-09 1.625815e-19
6.980000e-09 1.625975e-19
6.990000e-09 1.626134e-19
7.000000e-09 1.626293e-19
7.010000e-09 1.626452e-19
7.020000e-09 1.626610e-19
7.030000e-09 1.626768e-19
7.040000e-09 1.626926e-19
7.050000e-09 1.627083e-19
7.060000e-09 1.627239e-19
7.070000e-09 1.627396e-19
7.080000e-09 1.627551e-19
7.090000e-09 1.627707e-19
7.100000e-09 1.627862e-19
7.110000e-09 1.628016e-19
7.120000e-09 1.628171e-19
7.130000e-09 1.628324e-19
7.140000e-09 1.628478e-19
7.150000e-09 1.628630e-19
7.160000e-09 1.628783e-19
7.170000e-09 1.628935e-19
7.180000e-09 1.629086e-19
7.190000e-09 1.629238e-19
7.200000e-09 1.629388e-19
7.210000e-09 1.629539e-19
7.220000e-09 1.629688e-19
7.230000e-09 1.629838e-19
7.240000e-09 1.629987e-19
7.250000e-09 1.630135e-19
7.260000e-09 1.630284e-19
7.270000e-09 1.630431e-19
7.280000e-09 1.630578e-19
7.290000e-09 1.630725e-19
7.300000e-09 1.630872e-19
7.310000e-09 1.631018e-19
7.320000e-09 1.631163e-19
7.330000e-09 1.631308e-19
7.340000e-09 1.631453e-19
7.350000e-09 1.631597e-19
7.360000e-09 1.631740e-19
7.370000e-09 1.631884e-19
7.380000e-09 1.632026e-19
7.390000e-09 1.632169e-19
7.400000e-09 1.632311e-19
7.410000e-09 1.632452e-19
7.420000e-09 1.632593e-19
7.430000e-09 1.632733e-19
7.440000e-09 1.632874e-19
7.450000e-09 1.633013e-19
7.460000e-09 1.633152e-19
7.470000e-09 1.633291e-19
7.480000e-09 1.633429e-19
7.490000e-09 1.633567e-19
7.500000e-09 1.633704e-19
7.510000e-09 1.633841e-19
7.520000e-09 1.633977e-19
7.530000e-09 1.634113e-19
7.540000e-09 1.634249e-19
7.550000e-09 1.634384e-19
7.560000e-09 1.634518e-19
7.570000e-09 1.634652e-19
7.580000e-09 1.634786e-19
7.590000e-09 1.634919e-19
7.600000e-09 1.635051e-19
7.610000e-09 1.635183e-19
7.620000e-09 1.635315e-19
7.630000e-09 1.635446e-19
7.640000e-09 1.635577e-19
7.650000e-09 1.635707e-19
7.660000e-09 1.635837e-19
7.670000e-09 1.635966e-19
7.680000e-09 1.636095e-19
7.690000e-09 1.636223e-19
7.700000e-09 1.636351e-19
7.710000e-09 1.636478e-19
7.720000e-09 1.636605e-19
7.730000e-09 1.636731e-19
7.740000e-09 1.636857e-19
7.750000e-09 1.636982e-19
7.760000e-09 1.637107e-19
7.770000e-09 1.637232e-19
7.780000e-09 1.637356e-19
7.790000e-09 1.637479e-19
7.800000e-09 1.637602e-19
7.810000e-09 1.637724e-19
7.820000e-09 1.637846e-19
7.830000e-09 1.637968e-19
7.840000e-09 1.638088e-19
7.850000e-09 1.638209e-19
7.860000e-09 1.638329e-19
7.870000e-09 1.638448e-19
7.880000e-09 1.638567e-19
7.890000e-09 1.638685e-19
7.900000e-09 1.638803e-19
7.910000e-09 1.638921e-19
7.920000e-09 1.639038e-19
7.930000e-09 1.639154e-19
7.940000e-09 1.639270e-19
7.950000e-09 1.639385e-19
7.960000e-09 1.639500e-19
7.970000e-09 1.639615e-19
7.980000e-09 1.639728e-19
7.990000e-09 1.639842e-19
8.000000e-09 1.639955e-19
8.010000e-09 1.640067e-19
8.020000e-09 1.640179e-19
8.030000e-09 1.640290e-19
8.040000e-09 1.640401e-19
8.050000e-09 1.640511e-19
8.060000e-09 1.640621e-19
8.070000e-09 1.640730e-19
8.080000e-09 1.640839e-19
8.090000e-09 1.640947e-19
8.100000e-09 1.641055e-19
8.110000e-09 1.641162e-19
8.120000e-09 1.641268e-19
8.130000e-09 1.641375e-19
8.140000e-09 1.641480e-19
8.150000e-09 1.641585e-19
8.160000e-09 1.641690e-19
8.170000e-09 1.641794e-19
8.180000e-09 1.641897e-19
8.190000e-09 1.642000e-19
8.200000e-09 1.642103e-19
8.210000e-09 1.642205e-19
8.220000e-09 1.642306e-19
8.230000e-09 1.642407e-19
8.240000e-09 1.642507e-19
8.250000e-09 1.642607e-19
8.260000e-09 1.642706e-19
8.270000e-09 1.642805e-19
8.280000e-09 1.642903e-19
8.290000e-09 1.643001e-19
8.300000e-09 1.643098e-19
8.310000e-09 1.643194e-19
8.320000e-09 1.643290e-19
8.330000e-09 1.643386e-19
8.340000e-09 1.643481e-19
8.350000e-09 1.643575e-19
8.360000e-09 1.643669e-19
8.370000e-09 1.643763e-19
8.380000e-09 1.643855e-19
8.390000e-09 1.643948e-19
8.400000e-09 1.644039e-19
8.410000e-09 1.644131e-19
8.420000e-09 1.644221e-19
8.430000e-09 1.644311e-19
8.440000e-09 1.644401e-19
8.450000e-09 1.644490e-19
8.460000e-09 1.644578e-19
8.470000e-09 1.644666e-19
8.480000e-09 1.644754e-19
8.490000e-09 1.644840e-19
8.500000e-09 1.644927e-19
8.510000e-09 1.645012e-19
8.520000e-09 1.645098e-19
8.530000e-09 1.645182e-19
8.540000e-09 1.645266e-19
8.550000e-09 1.645350e-19
8.560000e-09 1.645433e-19
8.570000e-09 1.645515e-19
8.580000e-09 1.645597e-19
8.590000e-09 1.645678e-19
8.600000e-09 1.645759e-19
8.610000e-09 1.645839e-19
8.620000e-09 1.645919e-19
8.630000e-09 1.645998e-19
8.640000e-09 1.646077e-19
8.650000e-09 1.646155e-19
8.660000e-09 1.646232e-19
8.670000e-09 1.646309e-19
8.680000e-09 1.646385e-19
8.690000e-09 1.646461e-19
8.700000e-09 1.646536e-19
8.710000e-09 1.646611e-19
8.720000e-09 1.646685e-19
8.730000e-09 1.646758e-19
8.740000e-09 1.646831e-19
8.750000e-09 1.646904e-19
8.760000e-09 1.646975e-19
8.770000e-09 1.647047e-19
8.780000e-09 1.647117e-19
8.790000e-09 1.647187e-19
8.800000e-09 1.647257e-19
8.810000e-09 1.647326e-19
8.820000e-09 1.647394e-19
8.830000e-09 1.647462e-19
8.840000e-09 1.647530e-19
8.850000e-09 1.647596e-19
8.860000e-09 1.647662e-19
8.870000e-09 1.647728e-19
8.880000e-09 1.647793e-19
8.890000e-09 1.647857e-19
8.900000e-09 1.647921e-19
8.910000e-09 1.647985e-19
8.920000e-09 1.648047e-19
8.930000e-09 1.648109e-19
8.940000e-09 1.648171e-19
8.950000e-09 1.648232e-19
8.960000e-09 1.648292e-19
8.970000e-09 1.648352e-19
8.980000e-09 1.648412e-19
8.990000e-09 1.648470e-19
9.000000e-09 1.648529e-19
9.010000e-09 1.648586e-19
9.020000e-09 1.648643e-19
9.030000e-09 1.648699e-19
9.040000e-09 1.648755e-19
9.050000e-09 1.648811e-19
9.060000e-09 1.648865e-19
9.070000e-09 1.648919e-19
9.080000e-09 1.648973e-19
9.090000e-09 1.649026e-19
9.100000e-09 1.649078e-19
9.110000e-09 1.649130e-19
9.120000e-09 1.649181e-19
9.130000e-09 1.649232e-19
9.140000e-09 1.649282e-19
9.150000e-09 1.649331e-19
9.160000e-09 1.649380e-19
9.170000e-09 1.649429e-19
9.180000e-09 1.649476e-19
9.190000e-09 1.649523e-19
9.200000e-09 1.649570e-19
9.210000e-09 1.649616e-19
9.220000e-09 1.649661e-19
9.230000e-09 1.649706e-19
9.240000e-09 1.649750e-19
9.250000e-09 1.649794e-19
9.260000e-09 1.649837e-19
9.270000e-09 1.649880e-19
9.280000e-09 1.649922e-19
9.290000e-09 1.649963e-19
9.300000e-09 1.650004e-19
9.310000e-09 1.650044e-19
9.320000e-09 1.650083e-19
9.330000e-09 1.650122e-19
9.340000e-09 1.650161e-19
9.350000e-09 1.650198e-19
9.360000e-09 1.650236e-19
9.370000e-09 1.650272e-19
9.380000e-09 1.650308e-19
9.390000e-09 1.650344e-19
9.400000e-09 1.650379e-19
9.410000e-09 1.650413e-19
9.420000e-09 1.650446e-19
9.430000e-09 1.650480e-19
9.440000e-09 1.650512e-19
9.450000e-09 1.650544e-19
9.460000e-09 1.650575e-19
9.470000e-09 1.650606e-19
9.480000e-09 1.650636e-19
9.490000e-09 1.650666e-19
9.500000e-09 1.650695e-19
9.510000e-09 1.650723e-19
9.520000e-09 1.650751e-19
9.530000e-09 1.650778e-19
9.540000e-09 1.650805e-19
9.550000e-09 1.650831e-19
9.560000e-09 1.650856e-19
9.570000e-09 1.650881e-19
9.580000e-09 1.650905e-19
9.590000e-09 1.650929e-19
9.600000e-09 1.650952e-19
9.610000e-09 1.650974e-19
9.620000e-09 1.650996e-19
9.630000e-09 1.651017e-19
9.640000e-09 1.651038e-19
9.650000e-09 1.651058e-19
9.660000e-09 1.651078e-19
9.670000e-09 1.651096e-19
9.680000e-09 1.651115e-19
9.690000e-09 1.651132e-19
9.700000e-09 1.651150e-19
9.710000e-09 1.651166e-19
9.720000e-09 1.651182e-19
9.730000e-09 1.651197e-19
9.740000e-09 1.651212e-19
9.750000e-09 1.651226e-19
9.760000e-09 1.651240e-19
9.770000e-09 1.651253e-19
9.780000e-09 1.651265e-19
9.790000e-09 1.651277e-19
9.800000e-09 1.651288e-19
9.810000e-09 1.651299e-19
9.820000e-09 1.651308e-19
9.830000e-09 1.651318e-19
9.840000e-09 1.651327e-19
9.850000e-09 1.651335e-19
9.860000e-09 1.651342e-19
9.870000e-09 1.651349e-19
9.880000e-09 1.651356e-19
9.890000e-09 1.651362e-19
9.900000e-09 1.651367e-19
9.910000e-09 1.651371e-19
9.920000e-09 1.651375e-19
9.930000e-09 1.651379e-19
9.940000e-09 1.651382e-19
9.950000e-09 1.651384e-19
9.960000e-09 1.651386e-19
9.970000e-09 1.651387e-19
9.980000e-09 1.651387e-19
9.990000e-09 1.651387e-19
1.000000e-08 1.651386e-19
1.001000e-08 1.651385e-19
1.002000e-08 1.651383e-19
1.003000e-08 1.651380e-19
1.004000e-08 1.651377e-19
1.005000e-08 1.651373e-19
1.006000e-08 1.651369e-19
1.007000e-08 1.651364e-19
1.008000e-08 1.651359e-19
1.009000e-08 1.651353e-19
1.010000e-08 1.651346e-19
1.011000e-08 1.651338e-19
1.012000e-08 1.651331e-19
1.013000e-08 1.651322e-19
1.014000e-08 1.651313e-19
1.015000e-08 1.651303e-19
1.016000e-08 1.651293e-19
1.017000e-08 1.651282e-19
1.018000e-08 1.651271e-19
1.019000e-08 1.651259e-19
1.020000e-08 1.651246e-19
1.021000e-08 1.651233e-19
1.022000e-08 1.651219e-19
1.023000e-08 1.651204e-19
1.024000e-08 1.651189e-19
1.025000e-08 1.651174e-19
1.026000e-08 1.651157e-19
1.027000e-08 1.651141e-19
1.028000e-08 1.651123e-19
1.029000e-08 1.651105e-19
1.030000e-08 1.651086e-19
1.031000e-08 1.651067e-19
1.032000e-08 1.651047e-19
1.033000e-08 1.651027e-19
1.034000e-08 1.651006e-19
1.035000e-08 1.650984e-19
1.036000e-08 1.650962e-19
1.037000e-08 1.650939e-19
1.038000e-08 1.650916e-19
1.039000e-08 1.650892e-19
1.040000e-08 1.650868e-19
1.041000e-08 1.650842e-19
1.042000e-08 1.650817e-19
1.043000e-08 1.650790e-19
1.044000e-08 1.650763e-19
1.045000e-08 1.650736e-19
1.046000e-08 1.650708e-19
1.047000e-08 1.650679e-19
1.048000e-08 1.650650e-19
1.049000e-08 1.650620e-19
1.050000e-08 1.650589e-19
1.051000e-08 1.650558e-19
1.052000e-08 1.650527e-19
1.053000e-08 1.650494e-19
1.054000e-08 1.650462e-19
1.055000e-08 1.650428e-19
1.056000e-08 1.650394e-19
1.057000e-08 1.650360e-19
1.058000e-08 1.650324e-19
1.059000e-08 1.650289e-19
1.060000e-08 1.650252e-19
1.061000e-08 1.650215e-19
1.062000e-08 1.650178e-19
1.063000e-08 1.650139e-19
1.064000e-08 1.650101e-19
1.065000e-08 1.650061e-19
1.066000e-08 1.650021e-19
1.067000e-08 1.649981e-19
1.068000e-08 1.649940e-19
1.069000e-08 1.649898e-19
1.070000e-08 1.649856e-19
1.071000e-08 1.649813e-19
1.072000e-08 1.649770e-19
1.073000e-08 1.649726e-19
1.074000e-08 1.649681e-19
1.075000e-08 1.649636e-19
1.076000e-08 1.649590e-19
1.077000e-08 1.649544e-19
1.078000e-08 1.649497e-19
1.079000e-08 1.649449e-19
1.080000e-08 1.649401e-19
1.081000e-08 1.649352e-19
1.082000e-08 1.649303e-19
1.083000e-08 1.649253e-19
1.084000e-08 1.649203e-19
1.085000e-08 1.649152e-19
1.086000e-08 1.649100e-19
1.087000e-08 1.649048e-19
1.088000e-08 1.648995e-19
1.089000e-08 1.648942e-19
1.090000e-08 1.648888e-19
1.091000e-08 1.648833e-19
1.092000e-08 1.648778e-19
1.093000e-08 1.648723e-19
1.094000e-08 1.648666e-19
1.095000e-08 1.648610e-19
1.096000e-08 1.648552e-19
1.097000e-08 1.648494e-19
1.098000e-08 1.648436e-19
1.099000e-08 1.648377e-19
1.100000e-08 1.648317e-19
1.101000e-08 1.648257e-19
1.102000e-08 1.648196e-19
1.103000e-08 1.648134e-19
1.104000e-08 1.648072e-19
1.105000e-08 1.648010e-19
1.106000e-08 1.647947e-19
1.107000e-08 1.647883e-19
1.108000e-08 1.647818e-19
1.109000e-08 1.647754e-19
1.110000e-08 1.647688e-19
1.111000e-08 1.647622e-19
1.112000e-08 1.647556e-19
1.113000e-08 1.647488e-19
1.114000e-08 1.647421e-19
1.115000e-08 1.647352e-19
1.116000e-08 1.647283e-19
1.117000e-08 1.647214e-19
1.118000e-08 1.647144e-19
1.119000e-08 1.647073e-19
1.120000e-08 1.647002e-19
1.121000e-08 1.646931e-19
1.122000e-08 1.646858e-19
1.123000e-08 1.646785e-19
1.124000e-08 1.646712e-19
1.125000e-08 1.646638e-19
1.126000e-08 1.646563e-19
1.127000e-08 1.646488e-19
1.128000e-08 1.646413e-19
1.129000e-08 1.646336e-19
1.130000e-08 1.646260e-19
1.131000e-08 1.646182e-19
1.132000e-08 1.646104e-19
1.133000e-08 1.646026e-19
1.134000e-08 1.645947e-19
1.135000e-08 1.645867e-19
1.136000e-08 1.645787e-19
1.137000e-08 1.645706e-19
1.138000e-08 1.645625e-19
1.139000e-08 1.645543e-19
1.140000e-08 1.645461e-19
1.141000e-08 1.645378e-19
1.142000e-08 1.645295e-19
1.143000e-08 1.645210e-19
1.144000e-08 1.645126e-19
1.145000e-08 1.645041e-19
1.146000e-08 1.644955e-19
1.147000e-08 1.644869e-19
1.148000e-08 1.644782e-19
1.149000e-08 1.644695e-19
1.150000e-08 1.644607e-19
1.151000e-08 1.644518e-19
1.152000e-08 1.644429e-19
1.153000e-08 1.644340e-19
1.154000e-08 1.644249e-19
1.155000e-08 1.644159e-19
1.156000e-08 1.644068e-19
1.157000e-08 1.643976e-19
1.158000e-08 1.643884e-19
1.159000e-08 1.643791e-19
1.160000e-08 1.643697e-19
1.161000e-08 1.643603e-19
1.162000e-08 1.643509e-19
1.163000e-08 1.643414e-19
1.164000e-08 1.643318e-19
1.165000e-08 1.643222e-19
1.166000e-08 1.643126e-19
1.167000e-08 1.643028e-19
1.168000e-08 1.642931e-19
1.169000e-08 1.642832e-19
1.170000e-08 1.642734e-19
1.171000e-08 1.642634e-19
1.172000e-08 1.642534e-19
1.173000e-08 1.642434e-19
1.174000e-08 1.642333e-19
1.175000e-08 1.642232e-19
1.176000e-08 1.642130e-19
1.177000e-08 1.642027e-19
1.178000e-08 1.641924e-19
1.179000e-08 1.641820e-19
1.180000e-08 1.641716e-19
1.181000e-08 1.641612e-19
1.182000e-08 1.641506e-19
1.183000e-08 1.641401e-19
1.184000e-08 1.641294e-19
1.185000e-08 1.641188e-19
1.186000e-08 1.641080e-19
1.187000e-08 1.640972e-19
1.188000e-08 1.640864e-19
1.189000e-08 1.640755e-19
1.190000e-08 1.640646e-19
1.191000e-08 1.640536e-19
1.192000e-08 1.640426e-19
1.193000e-08 1.640315e-19
1.194000e-08 1.640203e-19
1.195000e-08 1.640091e-19
1.196000e-08 1.639979e-19
1.197000e-08 1.639866e-19
1.198000e-08 1.639752e-19
1.199000e-08 1.639638e-19
1.200000e-08 1.639523e-19
1.201000e-08 1.639408e-19
1.202000e-08 1.639293e-19
1.203000e-08 1.639177e-19
1.204000e-08 1.639060e-19
1.205000e-08 1.638943e-19
1.206000e-08 1.638825e-19
1.207000e-08 1.638707e-19
1.208000e-08 1.638588e-19
1.209000e-08 1.638469e-19
1.210000e-08 1.638350e-19
1.211000e-08 1.638229e-19
1.212000e-08 1.638109e-19
1.213000e-08 1.637988e-19
1.214000e-08 1.637866e-19
1.215000e-08 1.637744e-19
1.216000e-08 1.637621e-19
1.217000e-08 1.637498e-19
1.218000e-08 1.637374e-19
1.219000e-08 1.637250e-19
1.220000e-08 1.637125e-19
1.221000e-08 1.637000e-19
1.222000e-08 1.636874e-19
1.223000e-08 1.636748e-19
1.224000e-08 1.636622e-19
1.225000e-08 1.636494e-19
1.226000e-08 1.636367e-19
1.227000e-08 1.636239e-19
1.228000e-08 1.636110e-19
1.229000e-08 1.635981e-19
1.230000e-08 1.635851e-19
1.231000e-08 1.635721e-19
1.232000e-08 1.635591e-19
1.233000e-08 1.635460e-19
1.234000e-08 1.635328e-19
1.235000e-08 1.635196e-19
1.236000e-08 1.635064e-19
1.237000e-08 1.634931e-19
1.238000e-08 1.634797e-19
1.239000e-08 1.634663e-19
1.240000e-08 1.634529e-19
1.241000e-08 1.634394e-19
1.242000e-08 1.634259e-19
1.243000e-08 1.634123e-19
1.244000e-08 1.633986e-19
1.245000e-08 1.633850e-19
1.246000e-08 1.633712e-19
1.247000e-08 1.633575e-19
1.248000e-08 1.633437e-19
1.249000e-08 1.633298e-19
1.250000e-08 1.633159e-19
1.251000e-08 1.633019e-19
1.252000e-08 1.632879e-19
1.253000e-08 1.632739e-19
1.254000e-08 1.632598e-19
1.255000e-08 1.632456e-19
1.256000e-08 1.632314e-19
1.257000e-08 1.632172e-19
1.258000e-08 1.632029e-19
1.259000e-08 1.631886e-19
1.260000e-08 1.631742e-19
1.261000e-08 1.631598e-19
1.262000e-08 1.631453e-19
1.263000e-08 1.631308e-19
1.264000e-08 1.631162e-19
1.265000e-08 1.631016e-19
1.266000e-08 1.630870e-19
1.267000e-08 1.630723e-19
1.268000e-08 1.630576e-19
1.269000e-08 1.630428e-19
1.270000e-08 1.630280e-19
1.271000e-08 1.630131e-19
1.272000e-08 1.629982e-19
1.273000e-08 1.629832e-19
1.274000e-08 1.629682e-19
1.275000e-08 1.629532e-19
1.276000e-08 1.629381e-19
1.277000e-08 1.629230e-19
1.278000e-08 1.629078e-19
1.279000e-08 1.628926e-19
1.280000e-08 1.628773e-19
1.281000e-08 1.628620e-19
1.282000e-08 1.628466e-19
1.283000e-08 1.628312e-19
1.284000e-08 1.628158e-19
1.285000e-08 1.628003e-19
1.286000e-08 1.627848e-19
1.287000e-08 1.627692e-19
1.288000e-08 1.627536e-19
1.289000e-08 1.627380e-19
1.290000e-08 1.627223e-19
1.291000e-08 1.627066e-19
1.292000e-08 1.626908e-19
1.293000e-08 1.626750e-19
1.294000e-08 1.626591e-19
1.295000e-08 1.626432e-19
1.296000e-08 1.626273e-19
1.297000e-08 1.626113e-19
1.298000e-08 1.625953e-19
1.299000e-08 1.625792e-19
1.300000e-08 1.625631e-19
1.301000e-08 1.625469e-19
1.302000e-08 1.625308e-19
1.303000e-08 1.625145e-19
1.304000e-08 1.624983e-19
1.305000e-08 1.624820e-19
1.306000e-08 1.624656e-19
1.307000e-08 1.624492e-19
1.308000e-08 1.624328e-19
1.309000e-08 1.624163e-19
1.310000e-08 1.623998e-19
1.311000e-08 1.623833e-19
1.312000e-08 1.623667e-19
1.313000e-08 1.623500e-19
1.314000e-08 1.623334e-19
1.315000e-08 1.623167e-19
1.316000e-08 1.622999e-19
1.317000e-08 1.622831e-19
1.318000e-08 1.622663e-19
1.319000e-08 1.622495e-19
1.320000e-08 1.622326e-19
1.321000e-08 1.622156e-19
1.322000e-08 1.621986e-19
1.323000e-08 1.621816e-19
1.324000e-08 1.621646e-19
1.325000e-08 1.621475e-19
1.326000e-08 1.621304e-19
1.327000e-08 1.621132e-19
1.328000e-08 1.620960e-19
1.329000e-08 1.620787e-19
1.330000e-08 1.620615e-19
1.331000e-08 1.620442e-19
1.332000e-08 1.620268e-19
1.333000e-08 1.620094e-19
1.334000e-08 1.619920e-19
1.335000e-08 1.619745e-19
1.336000e-08 1.619570e-19
1.337000e-08 1.619395e-19
1.338000e-08 1.619219e-19
1.339000e-08 1.619043e-19
1.340000e-08 1.618867e-19
1.341000e-08 1.618690e-19
1.342000e-08 1.618513e-19
1.343000e-08 1.618336e-19
1.344000e-08 1.618158e-19
1.345000e-08 1.617980e-19
1.346000e-08 1.617801e-19
1.347000e-08 1.617622e-19
1.348000e-08 1.617443e-19
1.349000e-08 1.617263e-19
1.350000e-08 1.617083e-19
1.351000e-08 1.616903e-19
1.352000e-08 1.616723e-19
1.353000e-08 1.616542e-19
1.354000e-08 1.616360e-19
1.355000e-08 1.616179e-19
1.356000e-08 1.615997e-19
1.357000e-08 1.615815e-19
1.358000e-08 1.615632e-19
1.359000e-08 1.615449e-19
1.360000e-08 1.615266e-19
1.361000e-08 1.615082e-19
1.362000e-08 1.614898e-19
1.363000e-08 1.614714e-19
1.364000e-08 1.614529e-19
1.365000e-08 1.614345e-19
1.366000e-08 1.614159e-19
1.367000e-08 1.613974e-19
1.368000e-08 1.613788e-19
1.369000e-08 1.613602e-19
1.370000e-08 1.613415e-19
1.371000e-08 1.613228e-19
1.372000e-08 1.613041e-19
1.373000e-08 1.612854e-19
1.374000e-08 1.612666e-19
1.375000e-08 1.612478e-19
1.376000e-08 1.612290e-19
1.377000e-08 1.612101e-19
1.378000e-08 1.611912e-19
1.379000e-08 1.611723e-19
1.380000e-08 1.611533e-19
1.381000e-08 1.611343e-19
1.382000e-08 1.611153e-19
1.383000e-08 1.610963e-19
1.384000e-08 1.610772e-19
1.385000e-08 1.610581e-19
1.386000e-08 1.610390e-19
1.387000e-08 1.610198e-19
1.388000e-08 1.610006e-19
1.389000e-08 1.609814e-19
1.390000e-08 1.609621e-19
1.391000e-08 1.609429e-19
1.392000e-08 1.609236e-19
1.393000e-08 1.609042e-19
1.394000e-08 1.608849e-19
1.395000e-08 1.608655e-19
1.396000e-08 1.608460e-19
1.397000e-08 1.608266e-19
1.398000e-08 1.608071e-19
1.399000e-08 1.607876e-19
1.400000e-08 1.607681e-19
1.401000e-08 1.607485e-19
1.402000e-08 1.607290e-19
1.403000e-08 1.607093e-19
1.404000e-08 1.606897e-19
1.405000e-08 1.606700e-19
1.406000e-08 1.606504e-19
1.407000e-08 1.606306e-19
1.408000e-08 1.606109e-19
1.409000e-08 1.605911e-19
1.410000e-08 1.605713e-19
1.411000e-08 1.605515e-19
1.412000e-08 1.605317e-19
1.413000e-08 1.605118e-19
1.414000e-08 1.604919e-19
1.415000e-08 1.604720e-19
1.416000e-08 1.604521e-19
1.417000e-08 1.604321e-19
1.418000e-08 1.604121e-19
1.419000e-08 1.603921e-19
1.420000e-08 1.603720e-19
1.421000e-08 1.603520e-19
1.422000e-08 1.603319e-19
1.423000e-08 1.603118e-19
1.424000e-08 1.602916e-19
1.425000e-08 1.602715e-19
1.426000e-08 1.602513e-19
1.427000e-08 1.602311e-19
1.428000e-08 1.602108e-19
1.429000e-08 1.601906e-19
1.430000e-08 1.601703e-19
1.431000e-08 1.601500e-19
1.432000e-08 1.601297e-19
1.433000e-08 1.601093e-19
1.434000e-08 1.600890e-19
1.435000e-08 1.600686e-19
1.436000e-08 1.600482e-19
1.437000e-08 1.600277e-19
1.438000e-08 1.600073e-19
1.439000e-08 1.599868e-19
1.440000e-08 1.599663e-19
1.441000e-08 1.599458e-19
1.442000e-08 1.599253e-19
1.443000e-08 1.599047e-19
1.444000e-08 1.598841e-19
1.445000e-08 1.598635e-19
1.446000e-08 1.598429e-19
1.447000e-08 1.598223e-19
1.448000e-08 1.598016e-19
1.449000e-08 1.597809e-19
1.450000e-08 1.597602e-19
1.451000e-08 1.597395e-19
1.452000e-08 1.597188e-19
1.453000e-08 1.596980e-19
1.454000e-08 1.596772e-19
1.455000e-08 1.596564e-19
1.456000e-08 1.596356e-19
1.457000e-08 1.596148e-19
1.458000e-08 1.595939e-19
1.459000e-08 1.595730e-19
1.460000e-08 1.595522e-19
1.461000e-08 1.595312e-19
1.462000e-08 1.595103e-19
1.463000e-08 1.594894e-19
1.464000e-08 1.594684e-19
1.465000e-08 1.594474e-19
1.466000e-08 1.594264e-19
1.467000e-08 1.594054e-19
1.468000e-08 1.593844e-19
1.469000e-08 1.593633e-19
1.470000e-08 1.593423e-19
1.471000e-08 1.593212e-19
1.472000e-08 1.593001e-19
1.473000e-08 1.592790e-19
1.474000e-08 1.592578e-19
1.475000e-08 1.592367e-19
1.476000e-08 1.592155e-19
1.477000e-08 1.591943e-19
1.478000e-08 1.591731e-19
1.479000e-08 1.591519e-19
1.480000e-08 1.591307e-19
1.481000e-08 1.591094e-19
1.482000e-08 1.590882e-19
1.483000e-08 1.590669e-19
1.484000e-08 1.590456e-19
1.485000e-08 1.590243e-19
1.486000e-08 1.590030e-19
1.487000e-08 1.589817e-19
1.488000e-08 1.589603e-19
1.489000e-08 1.589390e-19
1.490000e-08 1.589176e-19
1.491000e-08 1.588962e-19
1.492000e-08 1.588748e-19
1.493000e-08 1.588534e-19
1.494000e-08 1.588319e-19
1.495000e-08 1.588105e-19
1.496000e-08 1.587890e-19
1.497000e-08 1.587676e-19
1.498000e-08 1.587461e-19
1.499000e-08 1.587246e-19
1.500000e-08 1.999009e-19
1.501000e-08 1.998779e-19
1.502000e-08 1.998548e-19
1.503000e-08 1.998318e-19
1.504000e-08 1.998087e-19
1.505000e-08 1.997856e-19
1.506000e-08 1.997625e-19
1.507000e-08 1.997393e-19
1.508000e-08 1.997162e-19
1.509000e-08 1.996931e-19
1.510000e-08 1.996699e-19
1.511000e-08 1.996467e-19
1.512000e-08 1.996235e-19
1.513000e-08 1.996003e-19
1.514000e-08 1.995771e-19
1.515000e-08 1.995539e-19
1.516000e-08 1.995307e-19
1.517000e-08 1.995074e-19
1.518000e-08 1.994842e-19
1.519000e-08 1.994609e-19
1.520000e-08 1.994376e-19
1.521000e-08 1.994144e-19
1.522000e-08 1.993911e-19
1.523000e-08 1.993678e-19
1.524000e-08 1.993444e-19
1.525000e-08 1.993211e-19
1.526000e-08 1.992978e-19
1.527000e-08 1.992744e-19
1.528000e-08 1.992511e-19
1.529000e-08 1.992277e-19
1.530000e-08 1.992043e-19
1.531000e-08 1.991809e-19
1.532000e-08 1.991575e-19
1.533000e-08 1.991341e-19
1.534000e-08 1.991107e-19
1.535000e-08 1.990873e-19
1.536000e-08 1.990639e-19
1.537000e-08 1.990404e-19
1.538000e-08 1.990170e-19
1.539000e-08 1.989935e-19
1.540000e-08 1.989700e-19
1.541000e-08 1.989466e-19
1.542000e-08 1.989231e-19
1.543000e-08 1.988996e-19
1.544000e-08 1.988761e-19
1.545000e-08 1.988526e-19
1.546000e-08 1.988291e-19
1.547000e-08 1.988055e-19
1.548000e-08 1.987820e-19
1.549000e-08 1.987585e-19
1.550000e-08 1.987349e-19
1.551000e-08 1.987114e-19
1.552000e-08 1.986878e-19
1.553000e-08 1.986642e-19
1.554000e-08 1.986407e-19
1.555000e-08 1.986171e-19
1.556000e-08 1.985935e-19
1.557000e-08 1.985699e-19
1.558000e-08 1.985463e-19
1.559000e-08 1.985227e-19
1.560000e-08 1.984991e-19
1.561000e-08 1.984754e-19
1.562000e-08 1.984518e-19
1.563000e-08 1.984282e-19
1.564000e-08 1.984045e-19
1.565000e-08 1.983809e-19
1.566000e-08 1.983572e-19
1.567000e-08 1.983335e-19
1.568000e-08 1.983099e-19
1.569000e-08 1.982862e-19
1.570000e-08 1.982625e-19
1.571000e-08 1.982388e-19
1.572000e-08 1.982151e-19
1.573000e-08 1.981914e-19
1.574000e-08 1.981677e-19
1.575000e-08 1.981440e-19
1.576000e-08 1.981203e-19
1.577000e-08 1.980966e-19
1.578000e-08 1.980728e-19
1.579000e-08 1.980491e-19
1.580000e-08 1.980254e-19
1.581000e-08 1.980016e-19
1.582000e-08 1.979779e-19
1.583000e-08 1.979541e-19
1.584000e-08 1.979304e-19
1.585000e-08 1.979066e-19
1.586000e-08 1.978828e-19
1.587000e-08 1.978591e-19
1.588000e-08 1.978353e-19
1.589000e-08 1.978115e-19
1.590000e-08 1.977877e-19
1.591000e-08 1.977639e-19
1.592000e-08 1.977401e-19
1.593000e-08 1.977163e-19
1.594000e-08 1.976925e-19
1.595000e-08 1.976687e-19
1.596000e-08 1.976449e-19
1.597000e-08 1.976210e-19
1.598000e-08 1.975972e-19
1.599000e-08 1.975734e-19
1.600000e-08 1.975496e-19
1.601000e-08 1.975257e-19
1.602000e-08 1.975019e-19
1.603000e-08 1.974780e-19
1.604000e-08 1.974542e-19
1.605000e-08 1.974303e-19
1.606000e-08 1.974065e-19
1.607000e-08 1.973826e-19
1.608000e-08 1.973587e-19
1.609000e-08 1.973349e-19
1.610000e-08 1.973110e-19
1.611000e-08 1.972871e-19
1.612000e-08 1.972632e-19
1.613000e-08 1.972393e-19
1.614000e-08 1.972155e-19
1.615000e-08 1.971916e-19
1.616000e-08 1.971677e-19
1.617000e-08 1.971438e-19
1.618000e-08 1.971199e-19
1.619000e-08 1.970960e-19
1.620000e-08 1.970721e-19
1.621000e-08 1.970481e-19
1.622000e-08 1.970242e-19
1.623000e-08 1.970003e-19
1.624000e-08 1.969764e-19
1.625000e-08 1.969525e-19
1.626000e-08 1.969285e-19
1.627000e-08 1.969046e-19
1.628000e-08 1.968807e-19
1.629000e-08 1.968567e-19
1.630000e-08 1.968328e-19
1.631000e-08 1.968088e-19
1.632000e-08 1.967849e-19
1.633000e-08 1.967609e-19
1.634000e-08 1.967370e-19
1.635000e-08 1.967130e-19
1.636000e-08 1.966891e-19
1.637000e-08 1.966651e-19
1.638000e-08 1.966411e-19
1.639000e-08 1.966172e-19
1.640000e-08 1.965932e-19
1.641000e-08 1.965692e-19
1.642000e-08 1.965453e-19
1.643000e-08 1.965213e-19
1.644000e-08 1.964973e-19
1.645000e-08 1.964733e-19
1.646000e-08 1.964493e-19
1.647000e-08 1.964254e-19
1.648000e-08 1.964014e-19
1.649000e-08 1.963774e-19
1.650000e-08 1.963534e-19
1.651000e-08 1.963294e-19
1.652000e-08 1.963054e-19
1.653000e-08 1.962814e-19
1.654000e-08 1.962574e-19
1.655000e-08 1.962334e-19
1.656000e-08 1.962094e-19
1.657000e-08 1.961853e-19
1.658000e-08 1.961613e-19
1.659000e-08 1.961373e-19
1.660000e-08 1.961133e-19
1.661000e-08 1.960893e-19
1.662000e-08 1.960653e-19
1.663000e-08 1.960412e-19
1.664000e-08 1.960172e-19
1.665000e-08 1.959932e-19
1.666000e-08 1.959692e-19
1.667000e-08 1.959451e-19
1.668000e-08 1.959211e-19
1.669000e-08 1.958971e-19
1.670000e-08 1.958730e-19
1.671000e-08 1.958490e-19
1.672000e-08 1.958249e-19
1.673000e-08 1.958009e-19
1.674000e-08 1.957769e-19
1.675000e-08 1.957528e-19
1.676000e-08 1.957288e-19
1.677000e-08 1.957047e-19
1.678000e-08 1.956807e-19
1.679000e-08 1.956566e-19
1.680000e-08 1.956326e-19
1.681000e-08 1.956085e-19
1.682000e-08 1.955844e-19
1.683000e-08 1.955604e-19
1.684000e-08 1.955363e-19
1.685000e-08 1.955123e-19
1.686000e-08 1.954882e-19
1.687000e-08 1.954641e-19
1.688000e-08 1.954401e-19
1.689000e-08 1.954160e-19
1.690000e-08 1.953919e-19
1.691000e-08 1.953678e-19
1.692000e-08 1.953438e-19
1.693000e-08 1.953197e-19
1.694000e-08 1.952956e-19
1.695000e-08 1.952715e-19
1.696000e-08 1.952475e-19
1.697000e-08 1.952234e-19
1.698000e-08 1.951993e-19
1.699000e-08 1.951752e-19
1.700000e-08 1.951511e-19
1.701000e-08 1.951270e-19
1.702000e-08 1.951030e-19
1.703000e-08 1.950789e-19
1.704000e-08 1.950548e-19
1.705000e-08 1.950307e-19
1.706000e-08 1.950066e-19
1.707000e-08 1.949825e-19
1.708000e-08 1.949584e-19
1.709000e-08 1.949343e-19
1.710000e-08 1.949102e-19
1.711000e-08 1.948861e-19
1.712000e-08 1.948620e-19
1.713000e-08 1.948379e-19
1.714000e-08 1.948138e-19
1.715000e-08 1.947897e-19
1.716000e-08 1.947656e-19
1.717000e-08 1.947415e-19
1.718000e-08 1.947174e-19
1.719000e-08 1.946933e-19
1.720000e-08 1.946692e-19
1.721000e-08 1.946451e-19
1.722000e-08 1.946210e-19
1.723000e-08 1.945969e-19
1.724000e-08 1.945727e-19
1.725000e-08 1.945486e-19
1.726000e-08 1.945245e-19
1.727000e-08 1.945004e-19
1.728000e-08 1.944763e-19
1.729000e-08 1.944522e-19
1.730000e-08 1.944281e-19
1.731000e-08 1.944039e-19
1.732000e-08 1.943798e-19
1.733000e-08 1.943557e-19
1.734000e-08 1.943316e-19
1.735000e-08 1.943075e-19
1.736000e-08 1.942833e-19
1.737000e-08 1.942592e-19
1.738000e-08 1.942351e-19
1.739000e-08 1.942110e-19
1.740000e-08 1.941868e-19
1.741000e-08 1.941627e-19
1.742000e-08 1.941386e-19
1.743000e-08 1.941144e-19
1.744000e-08 1.940903e-19
1.745000e-08 1.940662e-19
1.746000e-08 1.940420e-19
1.747000e-08 1.940179e-19
1.748000e-08 1.939938e-19
1.749000e-08 1.939697e-19
1.750000e-08 1.939455e-19
1.751000e-08 1.939214e-19
1.752000e-08 1.938972e-19
1.753000e-08 1.938731e-19
1.754000e-08 1.938490e-19
1.755000e-08 1.938248e-19
1.756000e-08 1.938007e-19
1.757000e-08 1.937766e-19
1.758000e-08 1.937524e-19
1.759000e-08 1.937283e-19
1.760000e-08 1.937041e-19
1.761000e-08 1.936800e-19
1.762000e-08 1.936559e-19
1.763000e-08 1.936317e-19
1.764000e-08 1.936076e-19
1.765000e-08 1.935834e-19
1.766000e-08 1.935593e-19
1.767000e-08 1.935351e-19
1.768000e-08 1.935110e-19
1.769000e-08 1.934868e-19
1.770000e-08 1.934627e-19
1.771000e-08 1.934385e-19
1.772000e-08 1.934144e-19
1.773000e-08 1.933902e-19
1.774000e-08 1.933661e-19
1.775000e-08 1.933419e-19
1.776000e-08 1.933178e-19
1.777000e-08 1.932936e-19
1.778000e-08 1.932695e-19
1.779000e-08 1.932453e-19
1.780000e-08 1.932212e-19
1.781000e-08 1.931970e-19
1.782000e-08 1.931729e-19
1.783000e-08 1.931487e-19
1.784000e-08 1.931246e-19
1.785000e-08 1.931004e-19
1.786000e-08 1.930763e-19
1.787000e-08 1.930521e-19
1.788000e-08 1.930280e-19
1.789000e-08 1.930038e-19
1.790000e-08 1.929796e-19
1.791000e-08 1.929555e-19
1.792000e-08 1.929313e-19
1.793000e-08 1.929072e-19
1.794000e-08 1.928830e-19
1.795000e-08 1.928588e-19
1.796000e-08 1.928347e-19
1.797000e-08 1.928105e-19
1.798000e-08 1.927864e-19
1.799000e-08 1.927622e-19
1.800000e-08 1.927380e-19
1.801000e-08 1.927139e-19
1.802000e-08 1.926897e-19
1.803000e-08 1.926656e-19
1.804000e-08 1.926414e-19
1.805000e-08 1.926172e-19
1.806000e-08 1.925931e-19
1.807000e-08 1.925689e-19
1.808000e-08 1.925447e-19
1.809000e-08 1.925206e-19
1.810000e-08 1.924964e-19
1.811000e-08 1.924722e-19
1.812000e-08 1.924481e-19
1.813000e-08 1.924239e-19
1.814000e-08 1.923997e-19
1.815000e-08 1.923756e-19
1.816000e-08 1.923514e-19
1.817000e-08 1.923272e-19
1.818000e-08 1.923031e-19
1.819000e-08 1.922789e-19
1.820000e-08 1.922547e-19
1.821000e-08 1.922306e-19
1.822000e-08 1.922064e-19
1.823000e-08 1.921822e-19
1.824000e-08 1.921581e-19
1.825000e-08 1.921339e-19
1.826000e-08 1.921097e-19
1.827000e-08 1.920856e-19
1.828000e-08 1.920614e-19
1.829000e-08 1.920372e-19
1.830000e-08 1.920130e-19
1.831000e-08 1.919889e-19
1.832000e-08 1.919647e-19
1.833000e-08 1.919405e-19
1.834000e-08 1.919164e-19
1.835000e-08 1.918922e-19
1.836000e-08 1.918680e-19
1.837000e-08 1.918438e-19
1.838000e-08 1.918197e-19
1.839000e-08 1.917955e-19
1.840000e-08 1.917713e-19
1.841000e-08 1.917472e-19
1.842000e-08 1.917230e-19
1.843000e-08 1.916988e-19
1.844000e-08 1.916746e-19
1.845000e-08 1.916505e-19
1.846000e-08 1.916263e-19
1.847000e-08 1.916021e-19
1.848000e-08 1.915779e-19
1.849000e-08 1.915538e-19
1.850000e-08 1.915296e-19
1.851000e-08 1.915054e-19
1.852000e-08 1.914812e-19
1.853000e-08 1.914571e-19
1.854000e-08 1.914329e-19
1.855000e-08 1.914087e-19
1.856000e-08 1.913845e-19
1.857000e-08 1.913604e-19
1.858000e-08 1.913362e-19
1.859000e-08 1.913120e-19
1.860000e-08 1.912878e-19
1.861000e-08 1.912636e-19
1.862000e-08 1.912395e-19
1.863000e-08 1.912153e-19
1.864000e-08 1.911911e-19
1.865000e-08 1.911669e-19
1.866000e-08 1.911428e-19
1.867000e-08 1.911186e-19
1.868000e-08 1.910944e-19
1.869000e-08 1.910702e-19
1.870000e-08 1.910460e-19
1.871000e-08 1.910219e-19
1.872000e-08 1.909977e-19
1.873000e-08 1.909735e-19
1.874000e-08 1.909493e-19
1.875000e-08 1.909252e-19
1.876000e-08 1.909010e-19
1.877000e-08 1.908768e-19
1.878000e-08 1.908526e-19
1.879000e-08 1.908284e-19
1.880000e-08 1.908043e-19
1.881000e-08 1.907801e-19
1.882000e-08 1.907559e-19
1.883000e-08 1.907317e-19
1.884000e-08 1.907075e-19
1.885000e-08 1.906834e-19
1.886000e-08 1.906592e-19
1.887000e-08 1.906350e-19
1.888000e-08 1.906108e-19
1.889000e-08 1.905866e-19
1.890000e-08 1.905625e-19
1.891000e-08 1.905383e-19
1.892000e-08 1.905141e-19
1.893000e-08 1.904899e-19
1.894000e-08 1.904657e-19
1.895000e-08 1.904416e-19
1.896000e-08 1.904174e-19
1.897000e-08 1.903932e-19
1.898000e-08 1.903690e-19
1.899000e-08 1.903448e-19
1.900000e-08 1.903208e-19
1.901000e-08 1.902969e-19
1.902000e-08 1.902734e-19
1.903000e-08 1.902500e-19
1.904000e-08 1.902269e-19
1.905000e-08 1.902041e-19
1.906000e-08 1.901815e-19
1.907000e-08 1.901591e-19
1.908000e-08 1.901369e-19
1.909000e-08 1.901150e-19
1.910000e-08 1.900934e-19
1.911000e-08 1.900720e-19
1.912000e-08 1.900508e-19
1.913000e-08 1.900299e-19
1.914000e-08 1.900092e-19
1.915000e-08 1.899887e-19
1.916000e-08 1.899685e-19
1.917000e-08 1.899485e-19
1.918000e-08 1.899288e-19
1.919000e-08 1.899093e-19
1.920000e-08 1.898901e-19
1.921000e-08 1.898711e-19
1.922000e-08 1.898523e-19
1.923000e-08 1.898338e-19
1.924000e-08 1.898155e-19
1.925000e-08 1.897974e-19
1.926000e-08 1.897796e-19
1.927000e-08 1.897621e-19
1.928000e-08 1.897447e-19
1.929000e-08 1.897276e-19
1.930000e-08 1.897108e-19
1.931000e-08 1.896942e-19
1.932000e-08 1.896778e-19
1.933000e-08 1.896617e-19
1.934000e-08 1.896458e-19
1.935000e-08 1.896302e-19
1.936000e-08 1.896148e-19
1.937000e-08 1.895996e-19
1.938000e-08 1.895847e-19
1.939000e-08 1.895700e-19
1.940000e-08 1.895556e-19
1.941000e-08 1.895414e-19
1.942000e-08 1.895274e-19
1.943000e-08 1.895137e-19
1.944000e-08 1.895003e-19
1.945000e-08 1.894870e-19
1.946000e-08 1.894740e-19
1.947000e-08 1.894613e-19
1.948000e-08 1.894488e-19
1.949000e-08 1.894365e-19
1.950000e-08 1.894245e-19
1.951000e-08 1.894127e-19
1.952000e-08 1.894011e-19
1.953000e-08 1.893898e-19
1.954000e-08 1.893787e-19
1.955000e-08 1.893679e-19
1.956000e-08 1.893573e-19
1.957000e-08 1.893470e-19
1.958000e-08 1.893369e-19
1.959000e-08 1.893270e-19
1.960000e-08 1.893174e-19
1.961000e-08 1.893080e-19
1.962000e-08 1.892988e-19
1.963000e-08 1.892899e-19
1.964000e-08 1.892813e-19
1.965000e-08 1.892729e-19
1.966000e-08 1.892647e-19
1.967000e-08 1.892567e-19
1.968000e-08 1.892490e-19
1.969000e-08 1.892416e-19
1.970000e-08 1.892344e-19
1.971000e-08 1.892274e-19
1.972000e-08 1.892206e-19
1.973000e-08 1.892141e-19
1.974000e-08 1.892079e-19
1.975000e-08 1.892019e-19
1.976000e-08 1.891961e-19
1.977000e-08 1.891906e-19
1.978000e-08 1.891853e-19
1.979000e-08 1.891802e-19
1.980000e-08 1.891754e-19
1.981000e-08 1.891708e-19
1.982000e-08 1.891665e-19
1.983000e-08 1.891624e-19
1.984000e-08 1.891586e-19
1.985000e-08 1.891550e-19
1.986000e-08 1.891516e-19
1.987000e-08 1.891485e-19
1.988000e-08 1.891456e-19
1.989000e-08 1.891429e-19
1.990000e-08 1.891405e-19
1.991000e-08 1.891383e-19
1.992000e-08 1.891364e-19
1.993000e-08 1.891347e-19
1.994000e-08 1.891333e-19
1.995000e-08 1.891321e-19
1.996000e-08 1.891311e-19
1.997000e-08 1.891304e-19
1.998000e-08 1.891299e-19
1.999000e-08 1.891297e-19
