0.000000e+00 1.000000e+14
1.000000e-11 1.000000e+14
2.000000e-11 9.999999e+13
3.000000e-11 9.999997e+13
4.000000e-11 9.999995e+13
5.000000e-11 9.999993e+13
6.000000e-11 9.999990e+13
7.000000e-11 9.999986e+13
8.000000e-11 9.999982e+13
9.000000e-11 9.999977e+13
1.000000e-10 9.999972e+13
1.100000e-10 9.999966e+13
1.200000e-10 9.999959e+13
1.300000e-10 9.999952e+13
1.400000e-10 9.999944e+13
1.500000e-10 9.999936e+13
1.600000e-10 9.999927e+13
1.700000e-10 9.999918e+13
1.800000e-10 9.999908e+13
1.900000e-10 9.999897e+13
2.000000e-10 9.999886e+13
2.100000e-10 9.999874e+13
2.200000e-10 9.999862e+13
2.300000e-10 9.999849e+13
2.400000e-10 9.999836e+13
2.500000e-10 9.999822e+13
2.600000e-10 9.999807e+13
2.700000e-10 9.999792e+13
2.800000e-10 9.999776e+13
2.900000e-10 9.999759e+13
3.000000e-10 9.999742e+13
3.100000e-10 9.999725e+13
3.200000e-10 9.999707e+13
3.300000e-10 9.999688e+13
3.400000e-10 9.999669e+13
3.500000e-10 9.999649e+13
3.600000e-10 9.999628e+13
3.700000e-10 9.999607e+13
3.800000e-10 9.999585e+13
3.900000e-10 9.999563e+13
4.000000e-10 9.999540e+13
4.100000e-10 9.999516e+13
4.200000e-10 9.999492e+13
4.300000e-10 9.999467e+13
4.400000e-10 9.999441e+13
4.500000e-10 9.999415e+13
4.600000e-10 9.999389e+13
4.700000e-10 9.999361e+13
4.800000e-10 9.999333e+13
4.900000e-10 9.999305e+13
5.000000e-10 9.999275e+13
5.100000e-10 9.999245e+13
5.200000e-10 9.999215e+13
5.300000e-10 9.999184e+13
5.400000e-10 9.999152e+13
5.500000e-10 9.999119e+13
5.600000e-10 9.999086e+13
5.700000e-10 9.999052e+13
5.800000e-10 9.999018e+13
5.900000e-10 9.998983e+13
6.000000e-10 9.998947e+13
6.100000e-10 9.998911e+13
6.200000e-10 9.998874e+13
6.300000e-10 9.998836e+13
6.400000e-10 9.998797e+13
6.500000e-10 9.998758e+13
6.600000e-10 9.998718e+13
6.700000e-10 9.998678e+13
6.800000e-10 9.998636e+13
6.900000e-10 9.998594e+13
7.000000e-10 9.998552e+13
7.100000e-10 9.998508e+13
7.200000e-10 9.998464e+13
7.300000e-10 9.998419e+13
7.400000e-10 9.998374e+13
7.500000e-10 9.998328e+13
7.600000e-10 9.998281e+13
7.700000e-10 9.998233e+13
7.800000e-10 9.998184e+13
7.900000e-10 9.998135e+13
8.000000e-10 9.998085e+13
8.100000e-10 9.998034e+13
8.200000e-10 9.997983e+13
8.300000e-10 9.997931e+13
8.400000e-10 9.997878e+13
8.500000e-10 9.997824e+13
8.600000e-10 9.997769e+13
8.700000e-10 9.997714e+13
8.800000e-10 9.997658e+13
8.900000e-10 9.997601e+13
9.000000e-10 9.997543e+13
9.100000e-10 9.997484e+13
9.200000e-10 9.997425e+13
9.300000e-10 9.997364e+13
9.400000e-10 9.997303e+13
9.500000e-10 9.997241e+13
9.600000e-10 9.997179e+13
9.700000e-10 9.997115e+13
9.800000e-10 9.997051e+13
9.900000e-10 9.996985e+13
1.000000e-09 -3.081069e+10
1.010000e-09 -3.148176e+10
1.020000e-09 -3.216167e+10
1.030000e-09 -3.285052e+10
1.040000e-09 -3.354837e+10
1.050000e-09 -3.425529e+10
1.060000e-09 -3.497136e+10
1.070000e-09 -3.569666e+10
1.080000e-09 -3.643126e+10
1.090000e-09 -3.717525e+10
1.100000e-09 -3.792869e+10
1.110000e-09 -3.869168e+10
1.120000e-09 -3.946429e+10
1.130000e-09 -4.024661e+10
1.140000e-09 -4.103872e+10
1.150000e-09 -4.184071e+10
1.160000e-09 -4.265266e+10
1.170000e-09 -4.347466e+10
1.180000e-09 -4.430680e+10
1.190000e-09 -4.514918e+10
1.200000e-09 -4.600187e+10
1.210000e-09 -4.686497e+10
1.220000e-09 -4.773859e+10
1.230000e-09 -4.862280e+10
1.240000e-09 -4.951772e+10
1.250000e-09 -5.042343e+10
1.260000e-09 -5.134004e+10
1.270000e-09 -5.226765e+10
1.280000e-09 -5.320635e+10
1.290000e-09 -5.415626e+10
1.300000e-09 -5.511747e+10
1.310000e-09 -5.609009e+10
1.320000e-09 -5.707423e+10
1.330000e-09 -5.807000e+10
1.340000e-09 -5.907751e+10
1.350000e-09 -6.009686e+10
1.360000e-09 -6.112818e+10
1.370000e-09 -6.217158e+10
1.380000e-09 -6.322717e+10
1.390000e-09 -6.429506e+10
1.400000e-09 -6.537539e+10
1.410000e-09 -6.646827e+10
1.420000e-09 -6.757382e+10
1.430000e-09 -6.869216e+10
1.440000e-09 -6.982343e+10
1.450000e-09 -7.096774e+10
1.460000e-09 -7.212523e+10
1.470000e-09 -7.329602e+10
1.480000e-09 -7.448025e+10
1.490000e-09 -7.567806e+10
1.500000e-09 -7.688957e+10
1.510000e-09 -7.811492e+10
1.520000e-09 -7.935426e+10
1.530000e-09 -8.060772e+10
1.540000e-09 -8.187544e+10
1.550000e-09 -8.315757e+10
1.560000e-09 -8.445426e+10
1.570000e-09 -8.576565e+10
1.580000e-09 -8.709189e+10
1.590000e-09 -8.843313e+10
1.600000e-09 -8.978953e+10
1.610000e-09 -9.116124e+10
1.620000e-09 -9.254842e+10
1.630000e-09 -9.395122e+10
1.640000e-09 -9.536981e+10
1.650000e-09 -9.680436e+10
1.660000e-09 -9.825502e+10
1.670000e-09 -9.972197e+10
1.680000e-09 -1.012054e+11
1.690000e-09 -1.027054e+11
1.700000e-09 -1.042222e+11
1.710000e-09 -1.057560e+11
1.720000e-09 -1.073069e+11
1.730000e-09 -1.088752e+11
1.740000e-09 -1.104610e+11
1.750000e-09 -1.120645e+11
1.760000e-09 -1.136858e+11
1.770000e-09 -1.153253e+11
1.780000e-09 -1.169830e+11
1.790000e-09 -1.186592e+11
1.800000e-09 -1.203540e+11
1.810000e-09 -1.220676e+11
1.820000e-09 -1.238004e+11
1.830000e-09 -1.255523e+11
1.840000e-09 -1.273238e+11
1.850000e-09 -1.291149e+11
1.860000e-09 -1.309259e+11
1.870000e-09 -1.327570e+11
1.880000e-09 -1.346083e+11
1.890000e-09 -1.364803e+11
1.900000e-09 -1.383729e+11
1.910000e-09 -1.402866e+11
1.920000e-09 -1.422214e+11
1.930000e-09 -1.441777e+11
1.940000e-09 -1.461557e+11
1.950000e-09 -1.481555e+11
1.960000e-09 -1.501775e+11
1.970000e-09 -1.522219e+11
1.980000e-09 -1.542888e+11
1.990000e-09 -1.563787e+11
2.000000e-09 -1.584917e+11
2.010000e-09 -1.606280e+11
2.020000e-09 -1.627880e+11
2.030000e-09 -1.649718e+11
2.040000e-09 -1.671798e+11
2.050000e-09 -1.694122e+11
2.060000e-09 -1.716693e+11
2.070000e-09 -1.739514e+11
2.080000e-09 -1.762587e+11
2.090000e-09 -1.785915e+11
2.100000e-09 -1.809500e+11
2.110000e-09 -1.833347e+11
2.120000e-09 -1.857457e+11
2.130000e-09 -1.881834e+11
2.140000e-09 -1.906480e+11
2.150000e-09 -1.931399e+11
2.160000e-09 -1.956593e+11
2.170000e-09 -1.982066e+11
2.180000e-09 -2.007820e+11
2.190000e-09 -2.033860e+11
2.200000e-09 -2.060187e+11
2.210000e-09 -2.086806e+11
2.220000e-09 -2.113719e+11
2.230000e-09 -2.140930e+11
2.240000e-09 -2.168442e+11
2.250000e-09 -2.196258e+11
2.260000e-09 -2.224383e+11
2.270000e-09 -2.252819e+11
2.280000e-09 -2.281569e+11
2.290000e-09 -2.310639e+11
2.300000e-09 -2.340030e+11
2.310000e-09 -2.369746e+11
2.320000e-09 -2.399793e+11
2.330000e-09 -2.430172e+11
2.340000e-09 -2.460887e+11
2.350000e-09 -2.491944e+11
2.360000e-09 -2.523345e+11
2.370000e-09 -2.555094e+11
2.380000e-09 -2.587195e+11
2.390000e-09 -2.619653e+11
2.400000e-09 -2.652471e+11
2.410000e-09 -2.685653e+11
2.420000e-09 -2.719204e+11
2.430000e-09 -2.753128e+11
2.440000e-09 -2.787429e+11
2.450000e-09 -2.822111e+11
2.460000e-09 -2.857178e+11
2.470000e-09 -2.892636e+11
2.480000e-09 -2.928488e+11
2.490000e-09 -2.964738e+11
2.500000e-09 -3.001393e+11
2.510000e-09 -3.038455e+11
2.520000e-09 -3.075931e+11
2.530000e-09 -3.113823e+11
2.540000e-09 -3.152138e+11
2.550000e-09 -3.190881e+11
2.560000e-09 -3.230055e+11
2.570000e-09 -3.269666e+11
2.580000e-09 -3.309719e+11
2.590000e-09 -3.350220e+11
2.600000e-09 -3.391172e+11
2.610000e-09 -3.432582e+11
2.620000e-09 -3.474455e+11
2.630000e-09 -3.516795e+11
2.640000e-09 -3.559609e+11
2.650000e-09 -3.602902e+11
2.660000e-09 -3.646680e+11
2.670000e-09 -3.690947e+11
2.680000e-09 -3.735710e+11
2.690000e-09 -3.780974e+11
2.700000e-09 -3.826745e+11
2.710000e-09 -3.873030e+11
2.720000e-09 -3.919833e+11
2.730000e-09 -3.967161e+11
2.740000e-09 -4.015021e+11
2.750000e-09 -4.063417e+11
2.760000e-09 -4.112358e+11
2.770000e-09 -4.161847e+11
2.780000e-09 -4.211893e+11
2.790000e-09 -4.262502e+11
2.800000e-09 -4.313679e+11
2.810000e-09 -4.365433e+11
2.820000e-09 -4.417769e+11
2.830000e-09 -4.470694e+11
2.840000e-09 -4.524215e+11
2.850000e-09 -4.578339e+11
2.860000e-09 -4.633074e+11
2.870000e-09 -4.688425e+11
2.880000e-09 -4.744401e+11
2.890000e-09 -4.801008e+11
2.900000e-09 -4.858255e+11
2.910000e-09 -4.916148e+11
2.920000e-09 -4.974695e+11
2.930000e-09 -5.033904e+11
2.940000e-09 -5.093783e+11
2.950000e-09 -5.154339e+11
2.960000e-09 -5.215580e+11
2.970000e-09 -5.277514e+11
2.980000e-09 -5.340150e+11
2.990000e-09 -5.403495e+11
3.000000e-09 -5.467559e+11
3.010000e-09 -5.532348e+11
3.020000e-09 -5.597873e+11
3.030000e-09 -5.664141e+11
3.040000e-09 -5.731162e+11
3.050000e-09 -5.798944e+11
3.060000e-09 -5.867496e+11
3.070000e-09 -5.936827e+11
3.080000e-09 -6.006947e+11
3.090000e-09 -6.077864e+11
3.100000e-09 -6.149588e+11
3.110000e-09 -6.222129e+11
3.120000e-09 -6.295496e+11
3.130000e-09 -6.369699e+11
3.140000e-09 -6.444748e+11
3.150000e-09 -6.520653e+11
3.160000e-09 -6.597424e+11
3.170000e-09 -6.675071e+11
3.180000e-09 -6.753604e+11
3.190000e-09 -6.833035e+11
3.200000e-09 -6.913373e+11
3.210000e-09 -6.994630e+11
3.220000e-09 -7.076816e+11
3.230000e-09 -7.159942e+11
3.240000e-09 -7.244020e+11
3.250000e-09 -7.329061e+11
3.260000e-09 -7.415076e+11
3.270000e-09 -7.502076e+11
3.280000e-09 -7.590075e+11
3.290000e-09 -7.679082e+11
3.300000e-09 -7.769111e+11
3.310000e-09 -7.860173e+11
3.320000e-09 -7.952281e+11
3.330000e-09 -8.045448e+11
3.340000e-09 -8.139685e+11
3.350000e-09 -8.235005e+11
3.360000e-09 -8.331423e+11
3.370000e-09 -8.428950e+11
3.380000e-09 -8.527599e+11
3.390000e-09 -8.627385e+11
3.400000e-09 -8.728321e+11
3.410000e-09 -8.830420e+11
3.420000e-09 -8.933696e+11
3.430000e-09 -9.038164e+11
3.440000e-09 -9.143838e+11
3.450000e-09 -9.250732e+11
3.460000e-09 -9.358860e+11
3.470000e-09 -9.468238e+11
3.480000e-09 -9.578881e+11
3.490000e-09 -9.690803e+11
3.500000e-09 -9.804020e+11
3.510000e-09 -9.918548e+11
3.520000e-09 -1.003440e+12
3.530000e-09 -1.015160e+12
3.540000e-09 -1.027015e+12
3.550000e-09 -1.039008e+12
3.560000e-09 -1.051140e+12
3.570000e-09 -1.063413e+12
3.580000e-09 -1.075828e+12
3.590000e-09 -1.088387e+12
3.600000e-09 -1.101092e+12
3.610000e-09 -1.113945e+12
3.620000e-09 -1.126948e+12
3.630000e-09 -1.140101e+12
3.640000e-09 -1.153408e+12
3.650000e-09 -1.166870e+12
3.660000e-09 -1.180488e+12
3.670000e-09 -1.194265e+12
3.680000e-09 -1.208203e+12
3.690000e-09 -1.222303e+12
3.700000e-09 -1.236567e+12
3.710000e-09 -1.250998e+12
3.720000e-09 -1.265598e+12
3.730000e-09 -1.280368e+12
3.740000e-09 -1.295311e+12
3.750000e-09 -1.310428e+12
3.760000e-09 -1.325722e+12
3.770000e-09 -1.341195e+12
3.780000e-09 -1.356849e+12
3.790000e-09 -1.372686e+12
3.800000e-09 -1.388709e+12
3.810000e-09 -1.404920e+12
3.820000e-09 -1.421320e+12
3.830000e-09 -1.437913e+12
3.840000e-09 -1.454701e+12
3.850000e-09 -1.471685e+12
3.860000e-09 -1.488869e+12
3.870000e-09 -1.506255e+12
3.880000e-09 -1.523845e+12
3.890000e-09 -1.541642e+12
3.900000e-09 -1.559648e+12
3.910000e-09 -1.577866e+12
3.920000e-09 -1.596298e+12
3.930000e-09 -1.614947e+12
3.940000e-09 -1.633816e+12
3.950000e-09 -1.652908e+12
3.960000e-09 -1.672224e+12
3.970000e-09 -1.691768e+12
3.980000e-09 -1.711542e+12
3.990000e-09 -1.731550e+12
4.000000e-09 -1.751795e+12
4.010000e-09 -1.772278e+12
4.020000e-09 -1.793003e+12
4.030000e-09 -1.813973e+12
4.040000e-09 -1.835192e+12
4.050000e-09 -1.856661e+12
4.060000e-09 -1.878384e+12
4.070000e-09 -1.900364e+12
4.080000e-09 -1.922605e+12
4.090000e-09 -1.945109e+12
4.100000e-09 -1.967880e+12
4.110000e-09 -1.990921e+12
4.120000e-09 -2.014235e+12
4.130000e-09 -2.037826e+12
4.140000e-09 -2.061697e+12
4.150000e-09 -2.085851e+12
4.160000e-09 -2.110292e+12
4.170000e-09 -2.135024e+12
4.180000e-09 -2.160050e+12
4.190000e-09 -2.185373e+12
4.200000e-09 -2.210997e+12
4.210000e-09 -2.236927e+12
4.220000e-09 -2.263165e+12
4.230000e-09 -2.289716e+12
4.240000e-09 -2.316583e+12
4.250000e-09 -2.343771e+12
4.260000e-09 -2.371282e+12
4.270000e-09 -2.399122e+12
4.280000e-09 -2.427294e+12
4.290000e-09 -2.455803e+12
4.300000e-09 -2.484652e+12
4.310000e-09 -2.513845e+12
4.320000e-09 -2.543388e+12
4.330000e-09 -2.573283e+12
4.340000e-09 -2.603536e+12
4.350000e-09 -2.634152e+12
4.360000e-09 -2.665133e+12
4.370000e-09 -2.696486e+12
4.380000e-09 -2.728214e+12
4.390000e-09 -2.760323e+12
4.400000e-09 -2.792816e+12
4.410000e-09 -2.825699e+12
4.420000e-09 -2.858976e+12
4.430000e-09 -2.892653e+12
4.440000e-09 -2.926734e+12
4.450000e-09 -2.961225e+12
4.460000e-09 -2.996130e+12
4.470000e-09 -3.031454e+12
4.480000e-09 -3.067203e+12
4.490000e-09 -3.103382e+12
4.500000e-09 -3.139997e+12
4.510000e-09 -3.177052e+12
4.520000e-09 -3.214553e+12
4.530000e-09 -3.252506e+12
4.540000e-09 -3.290916e+12
4.550000e-09 -3.329789e+12
4.560000e-09 -3.369131e+12
4.570000e-09 -3.408948e+12
4.580000e-09 -3.449245e+12
4.590000e-09 -3.490028e+12
4.600000e-09 -3.531304e+12
4.610000e-09 -3.573079e+12
4.620000e-09 -3.615359e+12
4.630000e-09 -3.658149e+12
4.640000e-09 -3.701457e+12
4.650000e-09 -3.745289e+12
4.660000e-09 -3.789652e+12
4.670000e-09 -3.834551e+12
4.680000e-09 -3.879995e+12
4.690000e-09 -3.925989e+12
4.700000e-09 -3.972540e+12
4.710000e-09 -4.019656e+12
4.720000e-09 -4.067343e+12
4.730000e-09 -4.115608e+12
4.740000e-09 -4.164460e+12
4.750000e-09 -4.213904e+12
4.760000e-09 -4.263949e+12
4.770000e-09 -4.314603e+12
4.780000e-09 -4.365871e+12
4.790000e-09 -4.417763e+12
4.800000e-09 -4.470287e+12
4.810000e-09 -4.523449e+12
4.820000e-09 -4.577258e+12
4.830000e-09 -4.631723e+12
4.840000e-09 -4.686851e+12
4.850000e-09 -4.742650e+12
4.860000e-09 -4.799130e+12
4.870000e-09 -4.856298e+12
4.880000e-09 -4.914164e+12
4.890000e-09 -4.972735e+12
4.900000e-09 -5.032021e+12
4.910000e-09 -5.092032e+12
4.920000e-09 -5.152775e+12
4.930000e-09 -5.214260e+12
4.940000e-09 -5.276497e+12
4.950000e-09 -5.339495e+12
4.960000e-09 -5.403263e+12
4.970000e-09 -5.467811e+12
4.980000e-09 -5.533150e+12
4.990000e-09 -5.599288e+12
5.000000e-09 -5.661957e+12
5.010000e-09 -5.720543e+12
5.020000e-09 -5.779301e+12
5.030000e-09 -5.838229e+12
5.040000e-09 -5.897323e+12
5.050000e-09 -5.956583e+12
5.060000e-09 -6.016005e+12
5.070000e-09 -6.075587e+12
5.080000e-09 -6.135327e+12
5.090000e-09 -6.195222e+12
5.100000e-09 -6.255271e+12
5.110000e-09 -6.315470e+12
5.120000e-09 -6.375819e+12
5.130000e-09 -6.436313e+12
5.140000e-09 -6.496952e+12
5.150000e-09 -6.557732e+12
5.160000e-09 -6.618652e+12
5.170000e-09 -6.679709e+12
5.180000e-09 -6.740901e+12
5.190000e-09 -6.802226e+12
5.200000e-09 -6.863681e+12
5.210000e-09 -6.925264e+12
5.220000e-09 -6.986973e+12
5.230000e-09 -7.048805e+12
5.240000e-09 -7.110759e+12
5.250000e-09 -7.172832e+12
5.260000e-09 -7.235022e+12
5.270000e-09 -7.297326e+12
5.280000e-09 -7.359743e+12
5.290000e-09 -7.422269e+12
5.300000e-09 -7.484904e+12
5.310000e-09 -7.547644e+12
5.320000e-09 -7.610488e+12
5.330000e-09 -7.673433e+12
5.340000e-09 -7.736477e+12
5.350000e-09 -7.799618e+12
5.360000e-09 -7.862854e+12
5.370000e-09 -7.926182e+12
5.380000e-09 -7.989600e+12
5.390000e-09 -8.053107e+12
5.400000e-09 -8.116699e+12
5.410000e-09 -8.180375e+12
5.420000e-09 -8.244133e+12
5.430000e-09 -8.307970e+12
5.440000e-09 -8.371885e+12
5.450000e-09 -8.435874e+12
5.460000e-09 -8.499937e+12
5.470000e-09 -8.564071e+12
5.480000e-09 -8.628273e+12
5.490000e-09 -8.692542e+12
5.500000e-09 -8.756875e+12
5.510000e-09 -8.821271e+12
5.520000e-09 -8.885728e+12
5.530000e-09 -8.950242e+12
5.540000e-09 -9.014813e+12
5.550000e-09 -9.079438e+12
5.560000e-09 -9.144115e+12
5.570000e-09 -9.208842e+12
5.580000e-09 -9.273617e+12
5.590000e-09 -9.338438e+12
5.600000e-09 -9.403303e+12
5.610000e-09 -9.468209e+12
5.620000e-09 -9.533156e+12
5.630000e-09 -9.598140e+12
5.640000e-09 -9.663160e+12
5.650000e-09 -9.728214e+12
5.660000e-09 -9.793299e+12
5.670000e-09 -9.858415e+12
5.680000e-09 -9.923558e+12
5.690000e-09 -9.988727e+12
5.700000e-09 -1.005392e+13
5.710000e-09 -1.011914e+13
5.720000e-09 -1.018437e+13
5.730000e-09 -1.024962e+13
5.740000e-09 -1.031489e+13
5.750000e-09 -1.038018e+13
5.760000e-09 -1.044547e+13
5.770000e-09 -1.051078e+13
5.780000e-09 -1.057610e+13
5.790000e-09 -1.064142e+13
5.800000e-09 -1.070674e+13
5.810000e-09 -1.077207e+13
5.820000e-09 -1.083740e+13
5.830000e-09 -1.090273e+13
5.840000e-09 -1.096806e+13
5.850000e-09 -1.103339e+13
5.860000e-09 -1.109870e+13
5.870000e-09 -1.116401e+13
5.880000e-09 -1.122931e+13
5.890000e-09 -1.129460e+13
5.900000e-09 -1.135987e+13
5.910000e-09 -1.142513e+13
5.920000e-09 -1.149037e+13
5.930000e-09 -1.155560e+13
5.940000e-09 -1.162080e+13
5.950000e-09 -1.168598e+13
5.960000e-09 -1.175114e+13
5.970000e-09 -1.181627e+13
5.980000e-09 -1.188137e+13
5.990000e-09 -1.194645e+13
6.000000e-09 -1.201149e+13
6.010000e-09 -1.207650e+13
6.020000e-09 -1.214148e+13
6.030000e-09 -1.220642e+13
6.040000e-09 -1.227133e+13
6.050000e-09 -1.233619e+13
6.060000e-09 -1.240102e+13
6.070000e-09 -1.246580e+13
6.080000e-09 -1.253054e+13
6.090000e-09 -1.259523e+13
6.100000e-09 -1.265988e+13
6.110000e-09 -1.272448e+13
6.120000e-09 -1.278903e+13
6.130000e-09 -1.285352e+13
6.140000e-09 -1.291796e+13
6.150000e-09 -1.298235e+13
6.160000e-09 -1.304668e+13
6.170000e-09 -1.311095e+13
6.180000e-09 -1.317517e+13
6.190000e-09 -1.323932e+13
6.200000e-09 -1.330341e+13
6.210000e-09 -1.336744e+13
6.220000e-09 -1.343140e+13
6.230000e-09 -1.349529e+13
6.240000e-09 -1.355912e+13
6.250000e-09 -1.362287e+13
6.260000e-09 -1.368656e+13
6.270000e-09 -1.375017e+13
6.280000e-09 -1.381371e+13
6.290000e-09 -1.387717e+13
6.300000e-09 -1.394056e+13
6.310000e-09 -1.400387e+13
6.320000e-09 -1.406709e+13
6.330000e-09 -1.413024e+13
6.340000e-09 -1.419330e+13
6.350000e-09 -1.425629e+13
6.360000e-09 -1.431918e+13
6.370000e-09 -1.438199e+13
6.380000e-09 -1.444471e+13
6.390000e-09 -1.450735e+13
6.400000e-09 -1.456989e+13
6.410000e-09 -1.463234e+13
6.420000e-09 -1.469470e+13
6.430000e-09 -1.475696e+13
6.440000e-09 -1.481913e+13
6.450000e-09 -1.488120e+13
6.460000e-09 -1.494318e+13
6.470000e-09 -1.500505e+13
6.480000e-09 -1.506683e+13
6.490000e-09 -1.512850e+13
6.500000e-09 -1.519007e+13
6.510000e-09 -1.525154e+13
6.520000e-09 -1.531290e+13
6.530000e-09 -1.537416e+13
6.540000e-09 -1.543530e+13
6.550000e-09 -1.549634e+13
6.560000e-09 -1.555727e+13
6.570000e-09 -1.561809e+13
6.580000e-09 -1.567880e+13
6.590000e-09 -1.573939e+13
6.600000e-09 -1.579987e+13
6.610000e-09 -1.586024e+13
6.620000e-09 -1.592049e+13
6.630000e-09 -1.598062e+13
6.640000e-09 -1.604063e+13
6.650000e-09 -1.610053e+13
6.660000e-09 -1.616030e+13
6.670000e-09 -1.621995e+13
6.680000e-09 -1.627948e+13
6.690000e-09 -1.633888e+13
6.700000e-09 -1.639816e+13
6.710000e-09 -1.645732e+13
6.720000e-09 -1.651635e+13
6.730000e-09 -1.657525e+13
6.740000e-09 -1.663402e+13
6.750000e-09 -1.669266e+13
6.760000e-09 -1.675118e+13
6.770000e-09 -1.680956e+13
6.780000e-09 -1.686781e+13
6.790000e-09 -1.692592e+13
6.800000e-09 -1.698390e+13
6.810000e-09 -1.704175e+13
6.820000e-09 -1.709946e+13
6.830000e-09 -1.715703e+13
6.840000e-09 -1.721447e+13
6.850000e-09 -1.727177e+13
6.860000e-09 -1.732892e+13
6.870000e-09 -1.738594e+13
6.880000e-09 -1.744282e+13
6.890000e-09 -1.749955e+13
6.900000e-09 -1.755614e+13
6.910000e-09 -1.761259e+13
6.920000e-09 -1.766890e+13
6.930000e-09 -1.772506e+13
6.940000e-09 -1.778107e+13
6.950000e-09 -1.783693e+13
6.960000e-09 -1.789265e+13
6.970000e-09 -1.794822e+13
6.980000e-09 -1.800364e+13
6.990000e-09 -1.805892e+13
7.000000e-09 -1.811404e+13
7.010000e-09 -1.816901e+13
7.020000e-09 -1.822383e+13
7.030000e-09 -1.827849e+13
7.040000e-09 -1.833300e+13
7.050000e-09 -1.838736e+13
7.060000e-09 -1.844156e+13
7.070000e-09 -1.849561e+13
7.080000e-09 -1.854950e+13
7.090000e-09 -1.860324e+13
7.100000e-09 -1.865682e+13
7.110000e-09 -1.871023e+13
7.120000e-09 -1.876350e+13
7.130000e-09 -1.881660e+13
7.140000e-09 -1.886954e+13
7.150000e-09 -1.892232e+13
7.160000e-09 -1.897494e+13
7.170000e-09 -1.902740e+13
7.180000e-09 -1.907969e+13
7.190000e-09 -1.913183e+13
7.200000e-09 -1.918380e+13
7.210000e-09 -1.923560e+13
7.220000e-09 -1.928724e+13
7.230000e-09 -1.933872e+13
7.240000e-09 -1.939003e+13
7.250000e-09 -1.944117e+13
7.260000e-09 -1.949215e+13
7.270000e-09 -1.954296e+13
7.280000e-09 -1.959360e+13
7.290000e-09 -1.964408e+13
7.300000e-09 -1.969438e+13
7.310000e-09 -1.974452e+13
7.320000e-09 -1.979449e+13
7.330000e-09 -1.984428e+13
7.340000e-09 -1.989391e+13
7.350000e-09 -1.994336e+13
7.360000e-09 -1.999264e+13
7.370000e-09 -2.004175e+13
7.380000e-09 -2.009069e+13
7.390000e-09 -2.013946e+13
7.400000e-09 -2.018805e+13
7.410000e-09 -2.023647e+13
7.420000e-09 -2.028471e+13
7.430000e-09 -2.033278e+13
7.440000e-09 -2.038067e+13
7.450000e-09 -2.042839e+13
7.460000e-09 -2.047593e+13
7.470000e-09 -2.052330e+13
7.480000e-09 -2.057049e+13
7.490000e-09 -2.061750e+13
7.500000e-09 -2.066434e+13
7.510000e-09 -2.071100e+13
7.520000e-09 -2.075748e+13
7.530000e-09 -2.080378e+13
7.540000e-09 -2.084990e+13
7.550000e-09 -2.089585e+13
7.560000e-09 -2.094161e+13
7.570000e-09 -2.098720e+13
7.580000e-09 -2.103260e+13
7.590000e-09 -2.107783e+13
7.600000e-09 -2.112287e+13
7.610000e-09 -2.116774e+13
7.620000e-09 -2.121242e+13
7.630000e-09 -2.125692e+13
7.640000e-09 -2.130124e+13
7.650000e-09 -2.134538e+13
7.660000e-09 -2.138933e+13
7.670000e-09 -2.143311e+13
7.680000e-09 -2.147669e+13
7.690000e-09 -2.152010e+13
7.700000e-09 -2.156333e+13
7.710000e-09 -2.160637e+13
7.720000e-09 -2.164922e+13
7.730000e-09 -2.169189e+13
7.740000e-09 -2.173438e+13
7.750000e-09 -2.177669e+13
7.760000e-09 -2.181880e+13
7.770000e-09 -2.186074e+13
7.780000e-09 -2.190249e+13
7.790000e-09 -2.194405e+13
7.800000e-09 -2.198543e+13
7.810000e-09 -2.202662e+13
7.820000e-09 -2.206763e+13
7.830000e-09 -2.210845e+13
7.840000e-09 -2.214909e+13
7.850000e-09 -2.218953e+13
7.860000e-09 -2.222980e+13
7.870000e-09 -2.226987e+13
7.880000e-09 -2.230976e+13
7.890000e-09 -2.234946e+13
7.900000e-09 -2.238897e+13
7.910000e-09 -2.242830e+13
7.920000e-09 -2.246744e+13
7.930000e-09 -2.250639e+13
7.940000e-09 -2.254516e+13
7.950000e-09 -2.258373e+13
7.960000e-09 -2.262212e+13
7.970000e-09 -2.266032e+13
7.980000e-09 -2.269834e+13
7.990000e-09 -2.273616e+13
8.000000e-09 -2.277379e+13
8.010000e-09 -2.281124e+13
8.020000e-09 -2.284850e+13
8.030000e-09 -2.288557e+13
8.040000e-09 -2.292245e+13
8.050000e-09 -2.295914e+13
8.060000e-09 -2.299565e+13
8.070000e-09 -2.303196e+13
8.080000e-09 -2.306809e+13
8.090000e-09 -2.310402e+13
8.100000e-09 -2.313977e+13
8.110000e-09 -2.317533e+13
8.120000e-09 -2.321069e+13
8.130000e-09 -2.324587e+13
8.140000e-09 -2.328086e+13
8.150000e-09 -2.331566e+13
8.160000e-09 -2.335027e+13
8.170000e-09 -2.338469e+13
8.180000e-09 -2.341892e+13
8.190000e-09 -2.345296e+13
8.200000e-09 -2.348681e+13
8.210000e-09 -2.352048e+13
8.220000e-09 -2.355395e+13
8.230000e-09 -2.358723e+13
8.240000e-09 -2.362032e+13
8.250000e-09 -2.365322e+13
8.260000e-09 -2.368593e+13
8.270000e-09 -2.371846e+13
8.280000e-09 -2.375079e+13
8.290000e-09 -2.378293e+13
8.300000e-09 -2.381488e+13
8.310000e-09 -2.384664e+13
8.320000e-09 -2.387822e+13
8.330000e-09 -2.390960e+13
8.340000e-09 -2.394079e+13
8.350000e-09 -2.397179e+13
8.360000e-09 -2.400260e+13
8.370000e-09 -2.403323e+13
8.380000e-09 -2.406366e+13
8.390000e-09 -2.409390e+13
8.400000e-09 -2.412395e+13
8.410000e-09 -2.415381e+13
8.420000e-09 -2.418349e+13
8.430000e-09 -2.421297e+13
8.440000e-09 -2.424226e+13
8.450000e-09 -2.427136e+13
8.460000e-09 -2.430028e+13
8.470000e-09 -2.432900e+13
8.480000e-09 -2.435753e+13
8.490000e-09 -2.438588e+13
8.500000e-09 -2.441403e+13
8.510000e-09 -2.444199e+13
8.520000e-09 -2.446977e+13
8.530000e-09 -2.449735e+13
8.540000e-09 -2.452475e+13
8.550000e-09 -2.455195e+13
8.560000e-09 -2.457897e+13
8.570000e-09 -2.460580e+13
8.580000e-09 -2.463243e+13
8.590000e-09 -2.465888e+13
8.600000e-09 -2.468514e+13
8.610000e-09 -2.471121e+13
8.620000e-09 -2.473709e+13
8.630000e-09 -2.476278e+13
8.640000e-09 -2.478828e+13
8.650000e-09 -2.481360e+13
8.660000e-09 -2.483872e+13
8.670000e-09 -2.486366e+13
8.680000e-09 -2.488840e+13
8.690000e-09 -2.491296e+13
8.700000e-09 -2.493733e+13
8.710000e-09 -2.496151e+13
8.720000e-09 -2.498550e+13
8.730000e-09 -2.500931e+13
8.740000e-09 -2.503292e+13
8.750000e-09 -2.505635e+13
8.760000e-09 -2.507958e+13
8.770000e-09 -2.510263e+13
8.780000e-09 -2.512550e+13
8.790000e-09 -2.514817e+13
8.800000e-09 -2.517065e+13
8.810000e-09 -2.519295e+13
8.820000e-09 -2.521506e+13
8.830000e-09 -2.523698e+13
8.840000e-09 -2.525871e+13
8.850000e-09 -2.528026e+13
8.860000e-09 -2.530162e+13
8.870000e-09 -2.532279e+13
8.880000e-09 -2.534377e+13
8.890000e-09 -2.536457e+13
8.900000e-09 -2.538518e+13
8.910000e-09 -2.540560e+13
8.920000e-09 -2.542583e+13
8.930000e-09 -2.544588e+13
8.940000e-09 -2.546574e+13
8.950000e-09 -2.548541e+13
8.960000e-09 -2.550490e+13
8.970000e-09 -2.552420e+13
8.980000e-09 -2.554331e+13
8.990000e-09 -2.556223e+13
9.000000e-09 -2.558097e+13
9.010000e-09 -2.559952e+13
9.020000e-09 -2.561789e+13
9.030000e-09 -2.563607e+13
9.040000e-09 -2.565406e+13
9.050000e-09 -2.567187e+13
9.060000e-09 -2.568949e+13
9.070000e-09 -2.570693e+13
9.080000e-09 -2.572418e+13
9.090000e-09 -2.574124e+13
9.100000e-09 -2.575812e+13
9.110000e-09 -2.577481e+13
9.120000e-09 -2.579131e+13
9.130000e-09 -2.580763e+13
9.140000e-09 -2.582377e+13
9.150000e-09 -2.583972e+13
9.160000e-09 -2.585548e+13
9.170000e-09 -2.587106e+13
9.180000e-09 -2.588645e+13
9.190000e-09 -2.590166e+13
9.200000e-09 -2.591668e+13
9.210000e-09 -2.593152e+13
9.220000e-09 -2.594618e+13
9.230000e-09 -2.596064e+13
9.240000e-09 -2.597493e+13
9.250000e-09 -2.598903e+13
9.260000e-09 -2.600294e+13
9.270000e-09 -2.601667e+13
9.280000e-09 -2.603021e+13
9.290000e-09 -2.604358e+13
9.300000e-09 -2.605675e+13
9.310000e-09 -2.606974e+13
9.320000e-09 -2.608255e+13
9.330000e-09 -2.609517e+13
9.340000e-09 -2.610761e+13
9.350000e-09 -2.611987e+13
9.360000e-09 -2.613194e+13
9.370000e-09 -2.614383e+13
9.380000e-09 -2.615553e+13
9.390000e-09 -2.616705e+13
9.400000e-09 -2.617839e+13
9.410000e-09 -2.618954e+13
9.420000e-09 -2.620051e+13
9.430000e-09 -2.621129e+13
9.440000e-09 -2.622189e+13
9.450000e-09 -2.623231e+13
9.460000e-09 -2.624255e+13
9.470000e-09 -2.625260e+13
9.480000e-09 -2.626247e+13
9.490000e-09 -2.627215e+13
9.500000e-09 -2.628165e+13
9.510000e-09 -2.629097e+13
9.520000e-09 -2.630011e+13
9.530000e-09 -2.630906e+13
9.540000e-09 -2.631783e+13
9.550000e-09 -2.632642e+13
9.560000e-09 -2.633482e+13
9.570000e-09 -2.634304e+13
9.580000e-09 -2.635108e+13
9.590000e-09 -2.635894e+13
9.600000e-09 -2.636661e+13
9.610000e-09 -2.637410e+13
9.620000e-09 -2.638141e+13
9.630000e-09 -2.638853e+13
9.640000e-09 -2.639547e+13
9.650000e-09 -2.640223e+13
9.660000e-09 -2.640881e+13
9.670000e-09 -2.641520e+13
9.680000e-09 -2.642142e+13
9.690000e-09 -2.642745e+13
9.700000e-09 -2.643329e+13
9.710000e-09 -2.643896e+13
9.720000e-09 -2.644444e+13
9.730000e-09 -2.644974e+13
9.740000e-09 -2.645486e+13
9.750000e-09 -2.645980e+13
9.760000e-09 -2.646455e+13
9.770000e-09 -2.646912e+13
9.780000e-09 -2.647351e+13
9.790000e-09 -2.647772e+13
9.800000e-09 -2.648175e+13
9.810000e-09 -2.648559e+13
9.820000e-09 -2.648925e+13
9.830000e-09 -2.649273e+13
9.840000e-09 -2.649603e+13
9.850000e-09 -2.649914e+13
9.860000e-09 -2.650207e+13
9.870000e-09 -2.650483e+13
9.880000e-09 -2.650739e+13
9.890000e-09 -2.650978e+13
9.900000e-09 -2.651199e+13
9.910000e-09 -2.651401e+13
9.920000e-09 -2.651585e+13
9.930000e-09 -2.651751e+13
9.940000e-09 -2.651899e+13
9.950000e-09 -2.652028e+13
9.960000e-09 -2.652139e+13
9.970000e-09 -2.652232e+13
9.980000e-09 -2.652307e+13
9.990000e-09 -2.652364e+13
1.000000e-08 -2.652402e+13
1.001000e-08 -2.652423e+13
1.002000e-08 -2.652425e+13
1.003000e-08 -2.652409e+13
1.004000e-08 -2.652374e+13
1.005000e-08 -2.652322e+13
1.006000e-08 -2.652251e+13
1.007000e-08 -2.652162e+13
1.008000e-08 -2.652055e+13
1.009000e-08 -2.651929e+13
1.010000e-08 -2.651786e+13
1.011000e-08 -2.651624e+13
1.012000e-08 -2.651444e+13
1.013000e-08 -2.651246e+13
1.014000e-08 -2.651029e+13
1.015000e-08 -2.650794e+13
1.016000e-08 -2.650541e+13
1.017000e-08 -2.650270e+13
1.018000e-08 -2.649981e+13
1.019000e-08 -2.649673e+13
1.020000e-08 -2.649347e+13
1.021000e-08 -2.649003e+13
1.022000e-08 -2.648640e+13
1.023000e-08 -2.648260e+13
1.024000e-08 -2.647861e+13
1.025000e-08 -2.647443e+13
1.026000e-08 -2.647008e+13
1.027000e-08 -2.646554e+13
1.028000e-08 -2.646082e+13
1.029000e-08 -2.645592e+13
1.030000e-08 -2.645083e+13
1.031000e-08 -2.644556e+13
1.032000e-08 -2.644011e+13
1.033000e-08 -2.643447e+13
1.034000e-08 -2.642865e+13
1.035000e-08 -2.642265e+13
1.036000e-08 -2.641647e+13
1.037000e-08 -2.641010e+13
1.038000e-08 -2.640355e+13
1.039000e-08 -2.639681e+13
1.040000e-08 -2.638990e+13
1.041000e-08 -2.638279e+13
1.042000e-08 -2.637551e+13
1.043000e-08 -2.636804e+13
1.044000e-08 -2.636039e+13
1.045000e-08 -2.635255e+13
1.046000e-08 -2.634453e+13
1.047000e-08 -2.633633e+13
1.048000e-08 -2.632794e+13
1.049000e-08 -2.631937e+13
1.050000e-08 -2.631062e+13
1.051000e-08 -2.630168e+13
1.052000e-08 -2.629255e+13
1.053000e-08 -2.628324e+13
1.054000e-08 -2.627375e+13
1.055000e-08 -2.626408e+13
1.056000e-08 -2.625421e+13
1.057000e-08 -2.624417e+13
1.058000e-08 -2.623394e+13
1.059000e-08 -2.622352e+13
1.060000e-08 -2.621292e+13
1.061000e-08 -2.620214e+13
1.062000e-08 -2.619117e+13
1.063000e-08 -2.618001e+13
1.064000e-08 -2.616867e+13
1.065000e-08 -2.615715e+13
1.066000e-08 -2.614544e+13
1.067000e-08 -2.613354e+13
1.068000e-08 -2.612146e+13
1.069000e-08 -2.610920e+13
1.070000e-08 -2.609674e+13
1.071000e-08 -2.608411e+13
1.072000e-08 -2.607128e+13
1.073000e-08 -2.605827e+13
1.074000e-08 -2.604508e+13
1.075000e-08 -2.603170e+13
1.076000e-08 -2.601813e+13
1.077000e-08 -2.600437e+13
1.078000e-08 -2.599043e+13
1.079000e-08 -2.597631e+13
1.080000e-08 -2.596200e+13
1.081000e-08 -2.594750e+13
1.082000e-08 -2.593281e+13
1.083000e-08 -2.591794e+13
1.084000e-08 -2.590288e+13
1.085000e-08 -2.588763e+13
1.086000e-08 -2.587220e+13
1.087000e-08 -2.585658e+13
1.088000e-08 -2.584077e+13
1.089000e-08 -2.582477e+13
1.090000e-08 -2.580859e+13
1.091000e-08 -2.579222e+13
1.092000e-08 -2.577566e+13
1.093000e-08 -2.575892e+13
1.094000e-08 -2.574198e+13
1.095000e-08 -2.572486e+13
1.096000e-08 -2.570755e+13
1.097000e-08 -2.569005e+13
1.098000e-08 -2.567237e+13
1.099000e-08 -2.565449e+13
1.100000e-08 -2.563643e+13
1.101000e-08 -2.561818e+13
1.102000e-08 -2.559974e+13
1.103000e-08 -2.558112e+13
1.104000e-08 -2.556230e+13
1.105000e-08 -2.554329e+13
1.106000e-08 -2.552410e+13
1.107000e-08 -2.550472e+13
1.108000e-08 -2.548514e+13
1.109000e-08 -2.546538e+13
1.110000e-08 -2.544543e+13
1.111000e-08 -2.542529e+13
1.112000e-08 -2.540496e+13
1.113000e-08 -2.538444e+13
1.114000e-08 -2.536373e+13
1.115000e-08 -2.534283e+13
1.116000e-08 -2.532174e+13
1.117000e-08 -2.530047e+13
1.118000e-08 -2.527900e+13
1.119000e-08 -2.525734e+13
1.120000e-08 -2.523549e+13
1.121000e-08 -2.521345e+13
1.122000e-08 -2.519122e+13
1.123000e-08 -2.516880e+13
1.124000e-08 -2.514619e+13
1.125000e-08 -2.512339e+13
1.126000e-08 -2.510040e+13
1.127000e-08 -2.507721e+13
1.128000e-08 -2.505384e+13
1.129000e-08 -2.503027e+13
1.130000e-08 -2.500652e+13
1.131000e-08 -2.498257e+13
1.132000e-08 -2.495843e+13
1.133000e-08 -2.493410e+13
1.134000e-08 -2.490958e+13
1.135000e-08 -2.488487e+13
1.136000e-08 -2.485997e+13
1.137000e-08 -2.483487e+13
1.138000e-08 -2.480959e+13
1.139000e-08 -2.478411e+13
1.140000e-08 -2.475844e+13
1.141000e-08 -2.473257e+13
1.142000e-08 -2.470652e+13
1.143000e-08 -2.468027e+13
1.144000e-08 -2.465383e+13
1.145000e-08 -2.462720e+13
1.146000e-08 -2.460038e+13
1.147000e-08 -2.457337e+13
1.148000e-08 -2.454616e+13
1.149000e-08 -2.451876e+13
1.150000e-08 -2.449117e+13
1.151000e-08 -2.446338e+13
1.152000e-08 -2.443541e+13
1.153000e-08 -2.440724e+13
1.154000e-08 -2.437887e+13
1.155000e-08 -2.435032e+13
1.156000e-08 -2.432157e+13
1.157000e-08 -2.429263e+13
1.158000e-08 -2.426350e+13
1.159000e-08 -2.423417e+13
1.160000e-08 -2.420465e+13
1.161000e-08 -2.417494e+13
1.162000e-08 -2.414504e+13
1.163000e-08 -2.411494e+13
1.164000e-08 -2.408465e+13
1.165000e-08 -2.405417e+13
1.166000e-08 -2.402349e+13
1.167000e-08 -2.399262e+13
1.168000e-08 -2.396156e+13
1.169000e-08 -2.393030e+13
1.170000e-08 -2.389885e+13
1.171000e-08 -2.386721e+13
1.172000e-08 -2.383538e+13
1.173000e-08 -2.380335e+13
1.174000e-08 -2.377113e+13
1.175000e-08 -2.373871e+13
1.176000e-08 -2.370611e+13
1.177000e-08 -2.367331e+13
1.178000e-08 -2.364031e+13
1.179000e-08 -2.360713e+13
1.180000e-08 -2.357375e+13
1.181000e-08 -2.354017e+13
1.182000e-08 -2.350641e+13
1.183000e-08 -2.347245e+13
1.184000e-08 -2.343830e+13
1.185000e-08 -2.340395e+13
1.186000e-08 -2.336942e+13
1.187000e-08 -2.333469e+13
1.188000e-08 -2.329976e+13
1.189000e-08 -2.326465e+13
1.190000e-08 -2.322934e+13
1.191000e-08 -2.319384e+13
1.192000e-08 -2.315814e+13
1.193000e-08 -2.312226e+13
1.194000e-08 -2.308618e+13
1.195000e-08 -2.304991e+13
1.196000e-08 -2.301345e+13
1.197000e-08 -2.297679e+13
1.198000e-08 -2.293994e+13
1.199000e-08 -2.290290e+13
1.200000e-08 -2.286567e+13
1.201000e-08 -2.282824e+13
1.202000e-08 -2.279063e+13
1.203000e-08 -2.275282e+13
1.204000e-08 -2.271482e+13
1.205000e-08 -2.267663e+13
1.206000e-08 -2.263825e+13
1.207000e-08 -2.259967e+13
1.208000e-08 -2.256091e+13
1.209000e-08 -2.252195e+13
1.210000e-08 -2.248281e+13
1.211000e-08 -2.244347e+13
1.212000e-08 -2.240394e+13
1.213000e-08 -2.236422e+13
1.214000e-08 -2.232431e+13
1.215000e-08 -2.228421e+13
1.216000e-08 -2.224392e+13
1.217000e-08 -2.220344e+13
1.218000e-08 -2.216277e+13
1.219000e-08 -2.212191e+13
1.220000e-08 -2.208086e+13
1.221000e-08 -2.203962e+13
1.222000e-08 -2.199820e+13
1.223000e-08 -2.195658e+13
1.224000e-08 -2.191478e+13
1.225000e-08 -2.187278e+13
1.226000e-08 -2.183060e+13
1.227000e-08 -2.178823e+13
1.228000e-08 -2.174567e+13
1.229000e-08 -2.170293e+13
1.230000e-08 -2.165999e+13
1.231000e-08 -2.161687e+13
1.232000e-08 -2.157356e+13
1.233000e-08 -2.153007e+13
1.234000e-08 -2.148639e+13
1.235000e-08 -2.144252e+13
1.236000e-08 -2.139847e+13
1.237000e-08 -2.135423e+13
1.238000e-08 -2.130981e+13
1.239000e-08 -2.126520e+13
1.240000e-08 -2.122040e+13
1.241000e-08 -2.117542e+13
1.242000e-08 -2.113026e+13
1.243000e-08 -2.108491e+13
1.244000e-08 -2.103938e+13
1.245000e-08 -2.099367e+13
1.246000e-08 -2.094777e+13
1.247000e-08 -2.090169e+13
1.248000e-08 -2.085542e+13
1.249000e-08 -2.080898e+13
1.250000e-08 -2.076235e+13
1.251000e-08 -2.071554e+13
1.252000e-08 -2.066855e+13
1.253000e-08 -2.062138e+13
1.254000e-08 -2.057403e+13
1.255000e-08 -2.052650e+13
1.256000e-08 -2.047879e+13
1.257000e-08 -2.043090e+13
1.258000e-08 -2.038283e+13
1.259000e-08 -2.033458e+13
1.260000e-08 -2.028616e+13
1.261000e-08 -2.023755e+13
1.262000e-08 -2.018877e+13
1.263000e-08 -2.013982e+13
1.264000e-08 -2.009068e+13
1.265000e-08 -2.004137e+13
1.266000e-08 -1.999189e+13
1.267000e-08 -1.994223e+13
1.268000e-08 -1.989240e+13
1.269000e-08 -1.984239e+13
1.270000e-08 -1.979220e+13
1.271000e-08 -1.974185e+13
1.272000e-08 -1.969132e+13
1.273000e-08 -1.964062e+13
1.274000e-08 -1.958975e+13
1.275000e-08 -1.953871e+13
1.276000e-08 -1.948749e+13
1.277000e-08 -1.943611e+13
1.278000e-08 -1.938456e+13
1.279000e-08 -1.933283e+13
1.280000e-08 -1.928094e+13
1.281000e-08 -1.922888e+13
1.282000e-08 -1.917666e+13
1.283000e-08 -1.912427e+13
1.284000e-08 -1.907171e+13
1.285000e-08 -1.901898e+13
1.286000e-08 -1.896609e+13
1.287000e-08 -1.891304e+13
1.288000e-08 -1.885982e+13
1.289000e-08 -1.880644e+13
1.290000e-08 -1.875290e+13
1.291000e-08 -1.869919e+13
1.292000e-08 -1.864533e+13
1.293000e-08 -1.859130e+13
1.294000e-08 -1.853711e+13
1.295000e-08 -1.848277e+13
1.296000e-08 -1.842826e+13
1.297000e-08 -1.837360e+13
1.298000e-08 -1.831878e+13
1.299000e-08 -1.826381e+13
1.300000e-08 -1.820868e+13
1.301000e-08 -1.815339e+13
1.302000e-08 -1.809795e+13
1.303000e-08 -1.804235e+13
1.304000e-08 -1.798661e+13
1.305000e-08 -1.793071e+13
1.306000e-08 -1.787466e+13
1.307000e-08 -1.781846e+13
1.308000e-08 -1.776211e+13
1.309000e-08 -1.770561e+13
1.310000e-08 -1.764896e+13
1.311000e-08 -1.759217e+13
1.312000e-08 -1.753523e+13
1.313000e-08 -1.747814e+13
1.314000e-08 -1.742091e+13
1.315000e-08 -1.736353e+13
1.316000e-08 -1.730601e+13
1.317000e-08 -1.724835e+13
1.318000e-08 -1.719055e+13
1.319000e-08 -1.713261e+13
1.320000e-08 -1.707453e+13
1.321000e-08 -1.701631e+13
1.322000e-08 -1.695795e+13
1.323000e-08 -1.689945e+13
1.324000e-08 -1.684082e+13
1.325000e-08 -1.678206e+13
1.326000e-08 -1.672316e+13
1.327000e-08 -1.666412e+13
1.328000e-08 -1.660496e+13
1.329000e-08 -1.654566e+13
1.330000e-08 -1.648624e+13
1.331000e-08 -1.642668e+13
1.332000e-08 -1.636700e+13
1.333000e-08 -1.630719e+13
1.334000e-08 -1.624725e+13
1.335000e-08 -1.618719e+13
1.336000e-08 -1.612701e+13
1.337000e-08 -1.606670e+13
1.338000e-08 -1.600627e+13
1.339000e-08 -1.594572e+13
1.340000e-08 -1.588505e+13
1.341000e-08 -1.582426e+13
1.342000e-08 -1.576335e+13
1.343000e-08 -1.570233e+13
1.344000e-08 -1.564119e+13
1.345000e-08 -1.557994e+13
1.346000e-08 -1.551858e+13
1.347000e-08 -1.545710e+13
1.348000e-08 -1.539551e+13
1.349000e-08 -1.533382e+13
1.350000e-08 -1.527201e+13
1.351000e-08 -1.521010e+13
1.352000e-08 -1.514808e+13
1.353000e-08 -1.508596e+13
1.354000e-08 -1.502374e+13
1.355000e-08 -1.496141e+13
1.356000e-08 -1.489898e+13
1.357000e-08 -1.483645e+13
1.358000e-08 -1.477383e+13
1.359000e-08 -1.471110e+13
1.360000e-08 -1.464828e+13
1.361000e-08 -1.458537e+13
1.362000e-08 -1.452236e+13
1.363000e-08 -1.445927e+13
1.364000e-08 -1.439608e+13
1.365000e-08 -1.433280e+13
1.366000e-08 -1.426943e+13
1.367000e-08 -1.420598e+13
1.368000e-08 -1.414244e+13
1.369000e-08 -1.407882e+13
1.370000e-08 -1.401512e+13
1.371000e-08 -1.395133e+13
1.372000e-08 -1.388747e+13
1.373000e-08 -1.382352e+13
1.374000e-08 -1.375950e+13
1.375000e-08 -1.369541e+13
1.376000e-08 -1.363124e+13
1.377000e-08 -1.356700e+13
1.378000e-08 -1.350269e+13
1.379000e-08 -1.343831e+13
1.380000e-08 -1.337386e+13
1.381000e-08 -1.330935e+13
1.382000e-08 -1.324477e+13
1.383000e-08 -1.318012e+13
1.384000e-08 -1.311542e+13
1.385000e-08 -1.305065e+13
1.386000e-08 -1.298583e+13
1.387000e-08 -1.292095e+13
1.388000e-08 -1.285601e+13
1.389000e-08 -1.279102e+13
1.390000e-08 -1.272598e+13
1.391000e-08 -1.266088e+13
1.392000e-08 -1.259574e+13
1.393000e-08 -1.253055e+13
1.394000e-08 -1.246531e+13
1.395000e-08 -1.240003e+13
1.396000e-08 -1.233471e+13
1.397000e-08 -1.226934e+13
1.398000e-08 -1.220394e+13
1.399000e-08 -1.213849e+13
1.400000e-08 -1.207302e+13
1.401000e-08 -1.200751e+13
1.402000e-08 -1.194196e+13
1.403000e-08 -1.187639e+13
1.404000e-08 -1.181078e+13
1.405000e-08 -1.174515e+13
1.406000e-08 -1.167949e+13
1.407000e-08 -1.161381e+13
1.408000e-08 -1.154811e+13
1.409000e-08 -1.148238e+13
1.410000e-08 -1.141664e+13
1.411000e-08 -1.135088e+13
1.412000e-08 -1.128511e+13
1.413000e-08 -1.121932e+13
1.414000e-08 -1.115353e+13
1.415000e-08 -1.108772e+13
1.416000e-08 -1.102190e+13
1.417000e-08 -1.095608e+13
1.418000e-08 -1.089026e+13
1.419000e-08 -1.082443e+13
1.420000e-08 -1.075861e+13
1.421000e-08 -1.069278e+13
1.422000e-08 -1.062696e+13
1.423000e-08 -1.056115e+13
1.424000e-08 -1.049534e+13
1.425000e-08 -1.042954e+13
1.426000e-08 -1.036375e+13
1.427000e-08 -1.029798e+13
1.428000e-08 -1.023222e+13
1.429000e-08 -1.016648e+13
1.430000e-08 -1.010076e+13
1.431000e-08 -1.003506e+13
1.432000e-08 -9.969382e+12
1.433000e-08 -9.903730e+12
1.434000e-08 -9.838106e+12
1.435000e-08 -9.772510e+12
1.436000e-08 -9.706946e+12
1.437000e-08 -9.641414e+12
1.438000e-08 -9.575919e+12
1.439000e-08 -9.510460e+12
1.440000e-08 -9.445041e+12
1.441000e-08 -9.379663e+12
1.442000e-08 -9.314329e+12
1.443000e-08 -9.249041e+12
1.444000e-08 -9.183800e+12
1.445000e-08 -9.118609e+12
1.446000e-08 -9.053470e+12
1.447000e-08 -8.988385e+12
1.448000e-08 -8.923356e+12
1.449000e-08 -8.858385e+12
1.450000e-08 -8.793474e+12
1.451000e-08 -8.728626e+12
1.452000e-08 -8.663843e+12
1.453000e-08 -8.599126e+12
1.454000e-08 -8.534479e+12
1.455000e-08 -8.469902e+12
1.456000e-08 -8.405399e+12
1.457000e-08 -8.340971e+12
1.458000e-08 -8.276621e+12
1.459000e-08 -8.212351e+12
1.460000e-08 -8.148163e+12
1.461000e-08 -8.084059e+12
1.462000e-08 -8.020041e+12
1.463000e-08 -7.956112e+12
1.464000e-08 -7.892274e+12
1.465000e-08 -7.828529e+12
1.466000e-08 -7.764880e+12
1.467000e-08 -7.701328e+12
1.468000e-08 -7.637875e+12
1.469000e-08 -7.574525e+12
1.470000e-08 -7.511280e+12
1.471000e-08 -7.448140e+12
1.472000e-08 -7.385110e+12
1.473000e-08 -7.322191e+12
1.474000e-08 -7.259385e+12
1.475000e-08 -7.196695e+12
1.476000e-08 -7.134123e+12
1.477000e-08 -7.071672e+12
1.478000e-08 -7.009342e+12
1.479000e-08 -6.947138e+12
1.480000e-08 -6.885061e+12
1.481000e-08 -6.823113e+12
1.482000e-08 -6.761298e+12
1.483000e-08 -6.699616e+12
1.484000e-08 -6.638071e+12
1.485000e-08 -6.576664e+12
1.486000e-08 -6.515399e+12
1.487000e-08 -6.454277e+12
1.488000e-08 -6.393300e+12
1.489000e-08 -6.332472e+12
1.490000e-08 -6.271794e+12
1.491000e-08 -6.211270e+12
1.492000e-08 -6.150900e+12
1.493000e-08 -6.090688e+12
1.494000e-08 -6.030635e+12
1.495000e-08 -5.970745e+12
1.496000e-08 -5.911019e+12
1.497000e-08 -5.851460e+12
1.498000e-08 -5.792071e+12
1.499000e-08 -5.732853e+12
1.500000e-08 -5.669508e+12
1.501000e-08 -5.602656e+12
1.502000e-08 -5.536612e+12
1.503000e-08 -5.471365e+12
1.504000e-08 -5.406906e+12
1.505000e-08 -5.343225e+12
1.506000e-08 -5.280311e+12
1.507000e-08 -5.218157e+12
1.508000e-08 -5.156751e+12
1.509000e-08 -5.096086e+12
1.510000e-08 -5.036151e+12
1.511000e-08 -4.976938e+12
1.512000e-08 -4.918437e+12
1.513000e-08 -4.860641e+12
1.514000e-08 -4.803539e+12
1.515000e-08 -4.747125e+12
1.516000e-08 -4.691388e+12
1.517000e-08 -4.636321e+12
1.518000e-08 -4.581916e+12
1.519000e-08 -4.528164e+12
1.520000e-08 -4.475057e+12
1.521000e-08 -4.422588e+12
1.522000e-08 -4.370747e+12
1.523000e-08 -4.319529e+12
1.524000e-08 -4.268924e+12
1.525000e-08 -4.218926e+12
1.526000e-08 -4.169526e+12
1.527000e-08 -4.120718e+12
1.528000e-08 -4.072495e+12
1.529000e-08 -4.024848e+12
1.530000e-08 -3.977771e+12
1.531000e-08 -3.931257e+12
1.532000e-08 -3.885299e+12
1.533000e-08 -3.839890e+12
1.534000e-08 -3.795024e+12
1.535000e-08 -3.750693e+12
1.536000e-08 -3.706891e+12
1.537000e-08 -3.663612e+12
1.538000e-08 -3.620849e+12
1.539000e-08 -3.578596e+12
1.540000e-08 -3.536846e+12
1.541000e-08 -3.495594e+12
1.542000e-08 -3.454833e+12
1.543000e-08 -3.414558e+12
1.544000e-08 -3.374761e+12
1.545000e-08 -3.335438e+12
1.546000e-08 -3.296583e+12
1.547000e-08 -3.258190e+12
1.548000e-08 -3.220253e+12
1.549000e-08 -3.182766e+12
1.550000e-08 -3.145725e+12
1.551000e-08 -3.109123e+12
1.552000e-08 -3.072956e+12
1.553000e-08 -3.037218e+12
1.554000e-08 -3.001903e+12
1.555000e-08 -2.967007e+12
1.556000e-08 -2.932525e+12
1.557000e-08 -2.898450e+12
1.558000e-08 -2.864780e+12
1.559000e-08 -2.831508e+12
1.560000e-08 -2.798629e+12
1.561000e-08 -2.766139e+12
1.562000e-08 -2.734034e+12
1.563000e-08 -2.702307e+12
1.564000e-08 -2.670956e+12
1.565000e-08 -2.639975e+12
1.566000e-08 -2.609359e+12
1.567000e-08 -2.579105e+12
1.568000e-08 -2.549208e+12
1.569000e-08 -2.519663e+12
1.570000e-08 -2.490466e+12
1.571000e-08 -2.461613e+12
1.572000e-08 -2.433101e+12
1.573000e-08 -2.404923e+12
1.574000e-08 -2.377078e+12
1.575000e-08 -2.349560e+12
1.576000e-08 -2.322366e+12
1.577000e-08 -2.295491e+12
1.578000e-08 -2.268932e+12
1.579000e-08 -2.242685e+12
1.580000e-08 -2.216746e+12
1.581000e-08 -2.191112e+12
1.582000e-08 -2.165778e+12
1.583000e-08 -2.140742e+12
1.584000e-08 -2.115999e+12
1.585000e-08 -2.091546e+12
1.586000e-08 -2.067380e+12
1.587000e-08 -2.043496e+12
1.588000e-08 -2.019892e+12
1.589000e-08 -1.996565e+12
1.590000e-08 -1.973510e+12
1.591000e-08 -1.950724e+12
1.592000e-08 -1.928205e+12
1.593000e-08 -1.905950e+12
1.594000e-08 -1.883954e+12
1.595000e-08 -1.862214e+12
1.596000e-08 -1.840729e+12
1.597000e-08 -1.819494e+12
1.598000e-08 -1.798507e+12
1.599000e-08 -1.777764e+12
1.600000e-08 -1.757263e+12
1.601000e-08 -1.737001e+12
1.602000e-08 -1.716974e+12
1.603000e-08 -1.697181e+12
1.604000e-08 -1.677618e+12
1.605000e-08 -1.658282e+12
1.606000e-08 -1.639171e+12
1.607000e-08 -1.620283e+12
1.608000e-08 -1.601613e+12
1.609000e-08 -1.583161e+12
1.610000e-08 -1.564922e+12
1.611000e-08 -1.546895e+12
1.612000e-08 -1.529077e+12
1.613000e-08 -1.511466e+12
1.614000e-08 -1.494058e+12
1.615000e-08 -1.476853e+12
1.616000e-08 -1.459846e+12
1.617000e-08 -1.443036e+12
1.618000e-08 -1.426421e+12
1.619000e-08 -1.409998e+12
1.620000e-08 -1.393765e+12
1.621000e-08 -1.377719e+12
1.622000e-08 -1.361859e+12
1.623000e-08 -1.346181e+12
1.624000e-08 -1.330685e+12
1.625000e-08 -1.315367e+12
1.626000e-08 -1.300226e+12
1.627000e-08 -1.285260e+12
1.628000e-08 -1.270466e+12
1.629000e-08 -1.255842e+12
1.630000e-08 -1.241387e+12
1.631000e-08 -1.227098e+12
1.632000e-08 -1.212973e+12
1.633000e-08 -1.199011e+12
1.634000e-08 -1.185209e+12
1.635000e-08 -1.171566e+12
1.636000e-08 -1.158079e+12
1.637000e-08 -1.144747e+12
1.638000e-08 -1.131569e+12
1.639000e-08 -1.118541e+12
1.640000e-08 -1.105663e+12
1.641000e-08 -1.092932e+12
1.642000e-08 -1.080348e+12
1.643000e-08 -1.067907e+12
1.644000e-08 -1.055609e+12
1.645000e-08 -1.043451e+12
1.646000e-08 -1.031433e+12
1.647000e-08 -1.019551e+12
1.648000e-08 -1.007806e+12
1.649000e-08 -9.961949e+11
1.650000e-08 -9.847163e+11
1.651000e-08 -9.733687e+11
1.652000e-08 -9.621506e+11
1.653000e-08 -9.510604e+11
1.654000e-08 -9.400966e+11
1.655000e-08 -9.292577e+11
1.656000e-08 -9.185423e+11
1.657000e-08 -9.079489e+11
1.658000e-08 -8.974760e+11
1.659000e-08 -8.871223e+11
1.660000e-08 -8.768863e+11
1.661000e-08 -8.667667e+11
1.662000e-08 -8.567620e+11
1.663000e-08 -8.468710e+11
1.664000e-08 -8.370922e+11
1.665000e-08 -8.274244e+11
1.666000e-08 -8.178663e+11
1.667000e-08 -8.084165e+11
1.668000e-08 -7.990738e+11
1.669000e-08 -7.898370e+11
1.670000e-08 -7.807047e+11
1.671000e-08 -7.716759e+11
1.672000e-08 -7.627491e+11
1.673000e-08 -7.539234e+11
1.674000e-08 -7.451974e+11
1.675000e-08 -7.365700e+11
1.676000e-08 -7.280401e+11
1.677000e-08 -7.196065e+11
1.678000e-08 -7.112680e+11
1.679000e-08 -7.030237e+11
1.680000e-08 -6.948723e+11
1.681000e-08 -6.868128e+11
1.682000e-08 -6.788441e+11
1.683000e-08 -6.709651e+11
1.684000e-08 -6.631749e+11
1.685000e-08 -6.554723e+11
1.686000e-08 -6.478564e+11
1.687000e-08 -6.403261e+11
1.688000e-08 -6.328804e+11
1.689000e-08 -6.255184e+11
1.690000e-08 -6.182391e+11
1.691000e-08 -6.110414e+11
1.692000e-08 -6.039246e+11
1.693000e-08 -5.968876e+11
1.694000e-08 -5.899295e+11
1.695000e-08 -5.830493e+11
1.696000e-08 -5.762462e+11
1.697000e-08 -5.695194e+11
1.698000e-08 -5.628678e+11
1.699000e-08 -5.562906e+11
1.700000e-08 -5.497870e+11
1.701000e-08 -5.433561e+11
1.702000e-08 -5.369971e+11
1.703000e-08 -5.307091e+11
1.704000e-08 -5.244914e+11
1.705000e-08 -5.183430e+11
1.706000e-08 -5.122632e+11
1.707000e-08 -5.062513e+11
1.708000e-08 -5.003063e+11
1.709000e-08 -4.944276e+11
1.710000e-08 -4.886145e+11
1.711000e-08 -4.828660e+11
1.712000e-08 -4.771815e+11
1.713000e-08 -4.715603e+11
1.714000e-08 -4.660016e+11
1.715000e-08 -4.605047e+11
1.716000e-08 -4.550689e+11
1.717000e-08 -4.496934e+11
1.718000e-08 -4.443777e+11
1.719000e-08 -4.391210e+11
1.720000e-08 -4.339226e+11
1.721000e-08 -4.287819e+11
1.722000e-08 -4.236981e+11
1.723000e-08 -4.186707e+11
1.724000e-08 -4.136991e+11
1.725000e-08 -4.087824e+11
1.726000e-08 -4.039202e+11
1.727000e-08 -3.991119e+11
1.728000e-08 -3.943567e+11
1.729000e-08 -3.896541e+11
1.730000e-08 -3.850035e+11
1.731000e-08 -3.804043e+11
1.732000e-08 -3.758559e+11
1.733000e-08 -3.713577e+11
1.734000e-08 -3.669092e+11
1.735000e-08 -3.625098e+11
1.736000e-08 -3.581589e+11
1.737000e-08 -3.538560e+11
1.738000e-08 -3.496005e+11
1.739000e-08 -3.453920e+11
1.740000e-08 -3.412297e+11
1.741000e-08 -3.371134e+11
1.742000e-08 -3.330423e+11
1.743000e-08 -3.290161e+11
1.744000e-08 -3.250341e+11
1.745000e-08 -3.210960e+11
1.746000e-08 -3.172011e+11
1.747000e-08 -3.133490e+11
1.748000e-08 -3.095393e+11
1.749000e-08 -3.057715e+11
1.750000e-08 -3.020450e+11
1.751000e-08 -2.983594e+11
1.752000e-08 -2.947142e+11
1.753000e-08 -2.911091e+11
1.754000e-08 -2.875435e+11
1.755000e-08 -2.840170e+11
1.756000e-08 -2.805292e+11
1.757000e-08 -2.770796e+11
1.758000e-08 -2.736678e+11
1.759000e-08 -2.702933e+11
1.760000e-08 -2.669558e+11
1.761000e-08 -2.636549e+11
1.762000e-08 -2.603901e+11
1.763000e-08 -2.571610e+11
1.764000e-08 -2.539672e+11
1.765000e-08 -2.508084e+11
1.766000e-08 -2.476841e+11
1.767000e-08 -2.445940e+11
1.768000e-08 -2.415376e+11
1.769000e-08 -2.385147e+11
1.770000e-08 -2.355248e+11
1.771000e-08 -2.325675e+11
1.772000e-08 -2.296426e+11
1.773000e-08 -2.267496e+11
1.774000e-08 -2.238881e+11
1.775000e-08 -2.210580e+11
1.776000e-08 -2.182587e+11
1.777000e-08 -2.154900e+11
1.778000e-08 -2.127514e+11
1.779000e-08 -2.100428e+11
1.780000e-08 -2.073637e+11
1.781000e-08 -2.047138e+11
1.782000e-08 -2.020929e+11
1.783000e-08 -1.995005e+11
1.784000e-08 -1.969364e+11
1.785000e-08 -1.944003e+11
1.786000e-08 -1.918918e+11
1.787000e-08 -1.894107e+11
1.788000e-08 -1.869566e+11
1.789000e-08 -1.845292e+11
1.790000e-08 -1.821284e+11
1.791000e-08 -1.797537e+11
1.792000e-08 -1.774049e+11
1.793000e-08 -1.750817e+11
1.794000e-08 -1.727839e+11
1.795000e-08 -1.705111e+11
1.796000e-08 -1.682631e+11
1.797000e-08 -1.660396e+11
1.798000e-08 -1.638403e+11
1.799000e-08 -1.616651e+11
1.800000e-08 -1.595135e+11
1.801000e-08 -1.573855e+11
1.802000e-08 -1.552806e+11
1.803000e-08 -1.531987e+11
1.804000e-08 -1.511396e+11
1.805000e-08 -1.491029e+11
1.806000e-08 -1.470885e+11
1.807000e-08 -1.450960e+11
1.808000e-08 -1.431254e+11
1.809000e-08 -1.411762e+11
1.810000e-08 -1.392484e+11
1.811000e-08 -1.373416e+11
1.812000e-08 -1.354557e+11
1.813000e-08 -1.335904e+11
1.814000e-08 -1.317455e+11
1.815000e-08 -1.299209e+11
1.816000e-08 -1.281162e+11
1.817000e-08 -1.263312e+11
1.818000e-08 -1.245659e+11
1.819000e-08 -1.228198e+11
1.820000e-08 -1.210930e+11
1.821000e-08 -1.193851e+11
1.822000e-08 -1.176959e+11
1.823000e-08 -1.160253e+11
1.824000e-08 -1.143731e+11
1.825000e-08 -1.127390e+11
1.826000e-08 -1.111229e+11
1.827000e-08 -1.095247e+11
1.828000e-08 -1.079440e+11
1.829000e-08 -1.063807e+11
1.830000e-08 -1.048348e+11
1.831000e-08 -1.033058e+11
1.832000e-08 -1.017938e+11
1.833000e-08 -1.002985e+11
1.834000e-08 -9.881975e+10
1.835000e-08 -9.735738e+10
1.836000e-08 -9.591122e+10
1.837000e-08 -9.448111e+10
1.838000e-08 -9.306689e+10
1.839000e-08 -9.166840e+10
1.840000e-08 -9.028547e+10
1.841000e-08 -8.891795e+10
1.842000e-08 -8.756569e+10
1.843000e-08 -8.622852e+10
1.844000e-08 -8.490631e+10
1.845000e-08 -8.359889e+10
1.846000e-08 -8.230613e+10
1.847000e-08 -8.102787e+10
1.848000e-08 -7.976397e+10
1.849000e-08 -7.851430e+10
1.850000e-08 -7.727870e+10
1.851000e-08 -7.605705e+10
1.852000e-08 -7.484920e+10
1.853000e-08 -7.365502e+10
1.854000e-08 -7.247437e+10
1.855000e-08 -7.130713e+10
1.856000e-08 -7.015316e+10
1.857000e-08 -6.901234e+10
1.858000e-08 -6.788453e+10
1.859000e-08 -6.676962e+10
1.860000e-08 -6.566747e+10
1.861000e-08 -6.457798e+10
1.862000e-08 -6.350100e+10
1.863000e-08 -6.243644e+10
1.864000e-08 -6.138417e+10
1.865000e-08 -6.034407e+10
1.866000e-08 -5.931603e+10
1.867000e-08 -5.829993e+10
1.868000e-08 -5.729567e+10
1.869000e-08 -5.630314e+10
1.870000e-08 -5.532222e+10
1.871000e-08 -5.435281e+10
1.872000e-08 -5.339480e+10
1.873000e-08 -5.244809e+10
1.874000e-08 -5.151258e+10
1.875000e-08 -5.058816e+10
1.876000e-08 -4.967474e+10
1.877000e-08 -4.877221e+10
1.878000e-08 -4.788047e+10
1.879000e-08 -4.699944e+10
1.880000e-08 -4.612901e+10
1.881000e-08 -4.526909e+10
1.882000e-08 -4.441959e+10
1.883000e-08 -4.358042e+10
1.884000e-08 -4.275149e+10
1.885000e-08 -4.193270e+10
1.886000e-08 -4.112398e+10
1.887000e-08 -4.032523e+10
1.888000e-08 -3.953637e+10
1.889000e-08 -3.875731e+10
1.890000e-08 -3.798798e+10
1.891000e-08 -3.722828e+10
1.892000e-08 -3.647815e+10
1.893000e-08 -3.573750e+10
1.894000e-08 -3.500624e+10
1.895000e-08 -3.428432e+10
1.896000e-08 -3.357164e+10
1.897000e-08 -3.286814e+10
1.898000e-08 -3.217373e+10
1.899000e-08 -3.148835e+10
1.900000e-08 9.996919e+13
1.901000e-08 9.996986e+13
1.902000e-08 9.997051e+13
1.903000e-08 9.997116e+13
1.904000e-08 9.997181e+13
1.905000e-08 9.997244e+13
1.906000e-08 9.997306e+13
1.907000e-08 9.997368e+13
1.908000e-08 9.997429e+13
1.909000e-08 9.997488e+13
1.910000e-08 9.997547e+13
1.911000e-08 9.997606e+13
1.912000e-08 9.997663e+13
1.913000e-08 9.997720e+13
1.914000e-08 9.997776e+13
1.915000e-08 9.997831e+13
1.916000e-08 9.997885e+13
1.917000e-08 9.997938e+13
1.918000e-08 9.997991e+13
1.919000e-08 9.998043e+13
1.920000e-08 9.998094e+13
1.921000e-08 9.998144e+13
1.922000e-08 9.998194e+13
1.923000e-08 9.998242e+13
1.924000e-08 9.998290e+13
1.925000e-08 9.998338e+13
1.926000e-08 9.998384e+13
1.927000e-08 9.998430e+13
1.928000e-08 9.998475e+13
1.929000e-08 9.998519e+13
1.930000e-08 9.998563e+13
1.931000e-08 9.998606e+13
1.932000e-08 9.998648e+13
1.933000e-08 9.998689e+13
1.934000e-08 9.998730e+13
1.935000e-08 9.998770e+13
1.936000e-08 9.998810e+13
1.937000e-08 9.998848e+13
1.938000e-08 9.998886e+13
1.939000e-08 9.998923e+13
1.940000e-08 9.998960e+13
1.941000e-08 9.998996e+13
1.942000e-08 9.999031e+13
1.943000e-08 9.999066e+13
1.944000e-08 9.999100e+13
1.945000e-08 9.999133e+13
1.946000e-08 9.999165e+13
1.947000e-08 9.999197e+13
1.948000e-08 9.999228e+13
1.949000e-08 9.999259e+13
1.950000e-08 9.999289e+13
1.951000e-08 9.999318e+13
1.952000e-08 9.999347e+13
1.953000e-08 9.999375e+13
1.954000e-08 9.999402e+13
1.955000e-08 9.999429e+13
1.956000e-08 9.999455e+13
1.957000e-08 9.999480e+13
1.958000e-08 9.999505e+13
1.959000e-08 9.999529e+13
1.960000e-08 9.999553e+13
1.961000e-08 9.999576e+13
1.962000e-08 9.999598e+13
1.963000e-08 9.999620e+13
1.964000e-08 9.999641e+13
1.965000e-08 9.999661e+13
1.966000e-08 9.999681e+13
1.967000e-08 9.999700e+13
1.968000e-08 9.999719e+13
1.969000e-08 9.999737e+13
1.970000e-08 9.999754e+13
1.971000e-08 9.999771e+13
1.972000e-08 9.999787e+13
1.973000e-08 9.999803e+13
1.974000e-08 9.999817e+13
1.975000e-08 9.999832e+13
1.976000e-08 9.999846e+13
1.977000e-08 9.999859e+13
1.978000e-08 9.999871e+13
1.979000e-08 9.999883e+13
1.980000e-08 9.999895e+13
1.981000e-08 9.999906e+13
1.982000e-08 9.999916e+13
1.983000e-08 9.999925e+13
1.984000e-08 9.999935e+13
1.985000e-08 9.999943e+13
1.986000e-08 9.999951e+13
1.987000e-08 9.999958e+13
1.988000e-08 9.999965e+13
1.989000e-08 9.999971e+13
1.990000e-08 9.999976e+13
1.991000e-08 9.999981e+13
1.992000e-08 9.999986e+13
1.993000e-08 9.999990e+13
1.994000e-08 9.999993e+13
1.995000e-08 9.999995e+13
1.996000e-08 9.999997e+13
1.997000e-08 9.999999e+13
1.998000e-08 1.000000e+14
1.999000e-08 1.000000e+14
