0.000000e+00 1.893198e-19
5.000000e-10 1.893198e-19
1.000000e-09 1.893198e-19
1.500000e-09 1.893198e-19
2.000000e-09 1.893198e-19
2.500000e-09 1.893198e-19
3.000000e-09 1.893198e-19
3.500000e-09 1.893198e-19
4.000000e-09 1.893198e-19
4.500000e-09 1.893198e-19
5.000000e-09 1.893198e-19
5.500000e-09 1.893198e-19
6.000000e-09 1.893198e-19
6.500000e-09 1.893198e-19
7.000000e-09 1.893198e-19
7.500000e-09 1.893198e-19
8.000000e-09 1.893198e-19
8.500000e-09 1.893198e-19
9.000000e-09 1.893198e-19
9.500000e-09 1.893198e-19
1.000000e-08 1.893198e-19
1.050000e-08 1.893198e-19
1.100000e-08 1.893198e-19
1.150000e-08 1.893198e-19
1.200000e-08 1.893198e-19
1.250000e-08 1.893198e-19
1.300000e-08 1.893198e-19
1.350000e-08 1.893198e-19
1.400000e-08 1.893198e-19
1.450000e-08 1.893198e-19
1.500000e-08 1.893198e-19
1.550000e-08 1.893198e-19
1.600000e-08 1.893198e-19
1.650000e-08 1.893198e-19
1.700000e-08 1.893198e-19
1.750000e-08 1.893198e-19
1.800000e-08 1.893198e-19
1.850000e-08 1.893198e-19
1.900000e-08 1.893198e-19
1.950000e-08 1.893198e-19
2.000000e-08 1.893198e-19
2.050000e-08 1.893198e-19
2.100000e-08 1.893198e-19
2.150000e-08 1.893198e-19
2.200000e-08 1.893198e-19
2.250000e-08 1.893198e-19
2.300000e-08 1.893198e-19
2.350000e-08 1.893198e-19
2.400000e-08 1.893198e-19
2.450000e-08 1.893198e-19
2.500000e-08 1.893198e-19
2.550000e-08 1.893198e-19
2.600000e-08 1.893198e-19
2.650000e-08 1.893198e-19
2.700000e-08 1.893198e-19
2.750000e-08 1.893198e-19
2.800000e-08 1.893198e-19
2.850000e-08 1.893198e-19
2.900000e-08 1.893198e-19
2.950000e-08 1.893198e-19
3.000000e-08 1.893198e-19
3.050000e-08 1.893198e-19
3.100000e-08 1.893198e-19
3.150000e-08 1.893198e-19
3.200000e-08 1.893198e-19
3.250000e-08 1.893198e-19
3.300000e-08 1.893198e-19
3.350000e-08 1.893198e-19
3.400000e-08 1.893198e-19
3.450000e-08 1.893198e-19
3.500000e-08 1.893198e-19
3.550000e-08 1.893198e-19
3.600000e-08 1.893198e-19
3.650000e-08 1.893198e-19
3.700000e-08 1.893198e-19
3.750000e-08 1.893198e-19
3.800000e-08 1.893198e-19
3.850000e-08 1.893198e-19
3.900000e-08 1.893198e-19
3.950000e-08 1.893198e-19
4.000000e-08 1.893198e-19
4.050000e-08 1.893198e-19
4.100000e-08 1.893198e-19
4.150000e-08 1.893198e-19
4.200000e-08 1.893198e-19
4.250000e-08 1.893198e-19
4.300000e-08 1.893198e-19
4.350000e-08 1.893198e-19
4.400000e-08 1.893198e-19
4.450000e-08 1.893198e-19
4.500000e-08 1.893198e-19
4.550000e-08 1.893198e-19
4.600000e-08 1.893198e-19
4.650000e-08 1.893198e-19
4.700000e-08 1.893198e-19
4.750000e-08 1.893198e-19
4.800000e-08 1.893198e-19
4.850000e-08 1.893198e-19
4.900000e-08 1.893198e-19
4.950000e-08 1.893198e-19
5.000000e-08 1.893198e-19
5.050000e-08 1.893198e-19
5.100000e-08 1.893198e-19
5.150000e-08 1.893198e-19
5.200000e-08 1.893198e-19
5.250000e-08 1.893198e-19
5.300000e-08 1.893198e-19
5.350000e-08 1.893198e-19
5.400000e-08 1.893198e-19
5.450000e-08 1.893198e-19
5.500000e-08 1.893198e-19
5.550000e-08 1.893198e-19
5.600000e-08 1.893198e-19
5.650000e-08 1.893198e-19
5.700000e-08 1.893198e-19
5.750000e-08 1.893198e-19
5.800000e-08 1.893198e-19
5.850000e-08 1.893198e-19
5.900000e-08 1.893198e-19
5.950000e-08 1.893198e-19
6.000000e-08 1.893198e-19
6.050000e-08 1.893198e-19
6.100000e-08 1.893198e-19
6.150000e-08 1.893198e-19
6.200000e-08 1.893198e-19
6.250000e-08 1.893198e-19
6.300000e-08 1.893198e-19
6.350000e-08 1.893198e-19
6.400000e-08 1.893198e-19
6.450000e-08 1.893198e-19
6.500000e-08 1.893198e-19
6.550000e-08 1.893198e-19
6.600000e-08 1.893198e-19
6.650000e-08 1.893198e-19
6.700000e-08 1.893198e-19
6.750000e-08 1.893198e-19
6.800000e-08 1.893198e-19
6.850000e-08 1.893198e-19
6.900000e-08 1.893198e-19
6.950000e-08 1.893198e-19
7.000000e-08 1.893198e-19
7.050000e-08 1.893198e-19
7.100000e-08 1.893198e-19
7.150000e-08 1.893198e-19
7.200000e-08 1.893198e-19
7.250000e-08 1.893198e-19
7.300000e-08 1.893198e-19
7.350000e-08 1.893198e-19
7.400000e-08 1.893198e-19
7.450000e-08 1.893198e-19
7.500000e-08 1.893198e-19
7.550000e-08 1.893198e-19
7.600000e-08 1.893198e-19
7.650000e-08 1.893198e-19
7.700000e-08 1.893198e-19
7.750000e-08 1.893198e-19
7.800000e-08 1.893198e-19
7.850000e-08 1.893198e-19
7.900000e-08 1.893198e-19
7.950000e-08 1.893198e-19
8.000000e-08 1.893198e-19
8.050000e-08 1.893198e-19
8.100000e-08 1.893198e-19
8.150000e-08 1.893198e-19
8.200000e-08 1.893198e-19
8.250000e-08 1.893198e-19
8.300000e-08 1.893198e-19
8.350000e-08 1.893198e-19
8.400000e-08 1.893198e-19
8.450000e-08 1.893198e-19
8.500000e-08 1.893198e-19
8.550000e-08 1.893198e-19
8.600000e-08 1.893198e-19
8.650000e-08 1.893198e-19
8.700000e-08 1.893198e-19
8.750000e-08 1.893198e-19
8.800000e-08 1.893198e-19
8.850000e-08 1.893198e-19
8.900000e-08 1.893198e-19
8.950000e-08 1.893198e-19
9.000000e-08 1.893198e-19
9.050000e-08 1.893198e-19
9.100000e-08 1.893198e-19
9.150000e-08 1.893198e-19
9.200000e-08 1.893198e-19
9.250000e-08 1.893198e-19
9.300000e-08 1.893198e-19
9.350000e-08 1.893198e-19
9.400000e-08 1.893198e-19
9.450000e-08 1.893198e-19
9.500000e-08 1.893198e-19
9.550000e-08 1.893198e-19
9.600000e-08 1.893198e-19
9.650000e-08 1.893198e-19
9.700000e-08 1.893198e-19
9.750000e-08 1.893198e-19
9.800000e-08 1.893198e-19
9.850000e-08 1.893198e-19
9.900000e-08 1.893198e-19
9.950000e-08 1.893198e-19
1.000000e-07 1.893198e-19
1.005000e-07 1.893198e-19
1.010000e-07 1.893198e-19
1.015000e-07 1.893198e-19
1.020000e-07 1.893198e-19
1.025000e-07 1.893198e-19
1.030000e-07 1.893198e-19
1.035000e-07 1.893198e-19
1.040000e-07 1.893198e-19
1.045000e-07 1.893198e-19
1.050000e-07 1.893198e-19
1.055000e-07 1.893198e-19
1.060000e-07 1.893198e-19
1.065000e-07 1.893198e-19
1.070000e-07 1.893198e-19
1.075000e-07 1.893198e-19
1.080000e-07 1.893198e-19
1.085000e-07 1.893198e-19
1.090000e-07 1.893198e-19
1.095000e-07 1.893198e-19
1.100000e-07 1.893198e-19
1.105000e-07 1.893198e-19
1.110000e-07 1.893198e-19
1.115000e-07 1.893198e-19
1.120000e-07 1.893198e-19
1.125000e-07 1.893198e-19
1.130000e-07 1.893198e-19
1.135000e-07 1.893198e-19
1.140000e-07 1.893198e-19
1.145000e-07 1.893198e-19
1.150000e-07 1.893198e-19
1.155000e-07 1.893198e-19
1.160000e-07 1.893198e-19
1.165000e-07 1.893198e-19
1.170000e-07 1.893198e-19
1.175000e-07 1.893198e-19
1.180000e-07 1.893198e-19
1.185000e-07 1.893198e-19
1.190000e-07 1.893198e-19
1.195000e-07 1.893198e-19
1.200000e-07 1.893198e-19
1.205000e-07 1.893198e-19
1.210000e-07 1.893198e-19
1.215000e-07 1.893198e-19
1.220000e-07 1.893198e-19
1.225000e-07 1.893198e-19
1.230000e-07 1.893198e-19
1.235000e-07 1.893198e-19
1.240000e-07 1.893198e-19
1.245000e-07 1.893198e-19
1.250000e-07 1.893198e-19
1.255000e-07 1.893198e-19
1.260000e-07 1.893198e-19
1.265000e-07 1.893198e-19
1.270000e-07 1.893198e-19
1.275000e-07 1.893198e-19
1.280000e-07 1.893198e-19
1.285000e-07 1.893198e-19
1.290000e-07 1.893198e-19
1.295000e-07 1.893198e-19
1.300000e-07 1.893198e-19
1.305000e-07 1.893198e-19
1.310000e-07 1.893198e-19
1.315000e-07 1.893198e-19
1.320000e-07 1.893198e-19
1.325000e-07 1.893198e-19
1.330000e-07 1.893198e-19
1.335000e-07 1.893198e-19
1.340000e-07 1.893198e-19
1.345000e-07 1.893198e-19
1.350000e-07 1.893198e-19
1.355000e-07 1.893198e-19
1.360000e-07 1.893198e-19
1.365000e-07 1.893198e-19
1.370000e-07 1.893198e-19
1.375000e-07 1.893198e-19
1.380000e-07 1.893198e-19
1.385000e-07 1.893198e-19
1.390000e-07 1.893198e-19
1.395000e-07 1.893198e-19
1.400000e-07 1.893198e-19
1.405000e-07 1.893198e-19
1.410000e-07 1.893198e-19
1.415000e-07 1.893198e-19
1.420000e-07 1.893198e-19
1.425000e-07 1.893198e-19
1.430000e-07 1.893198e-19
1.435000e-07 1.893198e-19
1.440000e-07 1.893198e-19
1.445000e-07 1.893198e-19
1.450000e-07 1.893198e-19
1.455000e-07 1.893198e-19
1.460000e-07 1.893198e-19
1.465000e-07 1.893198e-19
1.470000e-07 1.893198e-19
1.475000e-07 1.893198e-19
1.480000e-07 1.893198e-19
1.485000e-07 1.893198e-19
1.490000e-07 1.893198e-19
1.495000e-07 1.893198e-19
1.500000e-07 1.893198e-19
1.505000e-07 1.893198e-19
1.510000e-07 1.893198e-19
1.515000e-07 1.893198e-19
1.520000e-07 1.893198e-19
1.525000e-07 1.893198e-19
1.530000e-07 1.893198e-19
1.535000e-07 1.893198e-19
1.540000e-07 1.893198e-19
1.545000e-07 1.893198e-19
1.550000e-07 1.893198e-19
1.555000e-07 1.893198e-19
1.560000e-07 1.893198e-19
1.565000e-07 1.893198e-19
1.570000e-07 1.893198e-19
1.575000e-07 1.893198e-19
1.580000e-07 1.893198e-19
1.585000e-07 1.893198e-19
1.590000e-07 1.893198e-19
1.595000e-07 1.893198e-19
1.600000e-07 1.893198e-19
1.605000e-07 1.893198e-19
1.610000e-07 1.893198e-19
1.615000e-07 1.893198e-19
1.620000e-07 1.893198e-19
1.625000e-07 1.893198e-19
1.630000e-07 1.893198e-19
1.635000e-07 1.893198e-19
1.640000e-07 1.893198e-19
1.645000e-07 1.893198e-19
1.650000e-07 1.893198e-19
1.655000e-07 1.893198e-19
1.660000e-07 1.893198e-19
1.665000e-07 1.893198e-19
1.670000e-07 1.893198e-19
1.675000e-07 1.893198e-19
1.680000e-07 1.893198e-19
1.685000e-07 1.893198e-19
1.690000e-07 1.893198e-19
1.695000e-07 1.893198e-19
1.700000e-07 1.893198e-19
1.705000e-07 1.893198e-19
1.710000e-07 1.893198e-19
1.715000e-07 1.893198e-19
1.720000e-07 1.893198e-19
1.725000e-07 1.893198e-19
1.730000e-07 1.893198e-19
1.735000e-07 1.893198e-19
1.740000e-07 1.893198e-19
1.745000e-07 1.893198e-19
1.750000e-07 1.893198e-19
1.755000e-07 1.893198e-19
1.760000e-07 1.893198e-19
1.765000e-07 1.893198e-19
1.770000e-07 1.893198e-19
1.775000e-07 1.893198e-19
1.780000e-07 1.893198e-19
1.785000e-07 1.893198e-19
1.790000e-07 1.893198e-19
1.795000e-07 1.893198e-19
1.800000e-07 1.893198e-19
1.805000e-07 1.893198e-19
1.810000e-07 1.893198e-19
1.815000e-07 1.893198e-19
1.820000e-07 1.893198e-19
1.825000e-07 1.893198e-19
1.830000e-07 1.893198e-19
1.835000e-07 1.893198e-19
1.840000e-07 1.893198e-19
1.845000e-07 1.893198e-19
1.850000e-07 1.893198e-19
1.855000e-07 1.893198e-19
1.860000e-07 1.893198e-19
1.865000e-07 1.893198e-19
1.870000e-07 1.893198e-19
1.875000e-07 1.893198e-19
1.880000e-07 1.893198e-19
1.885000e-07 1.893198e-19
1.890000e-07 1.893198e-19
1.895000e-07 1.893198e-19
1.900000e-07 1.893198e-19
1.905000e-07 1.893198e-19
1.910000e-07 1.893198e-19
1.915000e-07 1.893198e-19
1.920000e-07 1.893198e-19
1.925000e-07 1.893198e-19
1.930000e-07 1.893198e-19
1.935000e-07 1.893198e-19
1.940000e-07 1.893198e-19
1.945000e-07 1.893198e-19
1.950000e-07 1.893198e-19
1.955000e-07 1.893198e-19
1.960000e-07 1.893198e-19
1.965000e-07 1.893198e-19
1.970000e-07 1.893198e-19
1.975000e-07 1.893198e-19
1.980000e-07 1.893198e-19
1.985000e-07 1.893198e-19
1.990000e-07 1.893198e-19
1.995000e-07 1.893198e-19
2.000000e-07 1.893198e-19
2.005000e-07 1.893198e-19
2.010000e-07 1.893198e-19
2.015000e-07 1.893198e-19
2.020000e-07 1.893198e-19
2.025000e-07 1.893198e-19
2.030000e-07 1.893198e-19
2.035000e-07 1.893198e-19
2.040000e-07 1.893198e-19
2.045000e-07 1.893198e-19
2.050000e-07 1.893198e-19
2.055000e-07 1.893198e-19
2.060000e-07 1.893198e-19
2.065000e-07 1.893198e-19
2.070000e-07 1.893198e-19
2.075000e-07 1.893198e-19
2.080000e-07 1.893198e-19
2.085000e-07 1.893198e-19
2.090000e-07 1.893198e-19
2.095000e-07 1.893198e-19
2.100000e-07 1.893198e-19
2.105000e-07 1.893198e-19
2.110000e-07 1.893198e-19
2.115000e-07 1.893198e-19
2.120000e-07 1.893198e-19
2.125000e-07 1.893198e-19
2.130000e-07 1.893198e-19
2.135000e-07 1.893198e-19
2.140000e-07 1.893198e-19
2.145000e-07 1.893198e-19
2.150000e-07 1.893198e-19
2.155000e-07 1.893198e-19
2.160000e-07 1.893198e-19
2.165000e-07 1.893198e-19
2.170000e-07 1.893198e-19
2.175000e-07 1.893198e-19
2.180000e-07 1.893198e-19
2.185000e-07 1.893198e-19
2.190000e-07 1.893198e-19
2.195000e-07 1.893198e-19
2.200000e-07 1.893198e-19
2.205000e-07 1.893198e-19
2.210000e-07 1.893198e-19
2.215000e-07 1.893198e-19
2.220000e-07 1.893198e-19
2.225000e-07 1.893198e-19
2.230000e-07 1.893198e-19
2.235000e-07 1.893198e-19
2.240000e-07 1.893198e-19
2.245000e-07 1.893198e-19
2.250000e-07 1.893198e-19
2.255000e-07 1.893198e-19
2.260000e-07 1.893198e-19
2.265000e-07 1.893198e-19
2.270000e-07 1.893198e-19
2.275000e-07 1.893198e-19
2.280000e-07 1.893198e-19
2.285000e-07 1.893198e-19
2.290000e-07 1.893198e-19
2.295000e-07 1.893198e-19
2.300000e-07 1.893198e-19
2.305000e-07 1.893198e-19
2.310000e-07 1.893198e-19
2.315000e-07 1.893198e-19
2.320000e-07 1.893198e-19
2.325000e-07 1.893198e-19
2.330000e-07 1.893198e-19
2.335000e-07 1.893198e-19
2.340000e-07 1.893198e-19
2.345000e-07 1.893198e-19
2.350000e-07 1.893198e-19
2.355000e-07 1.893198e-19
2.360000e-07 1.893198e-19
2.365000e-07 1.893198e-19
2.370000e-07 1.893198e-19
2.375000e-07 1.893198e-19
2.380000e-07 1.893198e-19
2.385000e-07 1.893198e-19
2.390000e-07 1.893198e-19
2.395000e-07 1.893198e-19
2.400000e-07 1.893198e-19
2.405000e-07 1.893198e-19
2.410000e-07 1.893198e-19
2.415000e-07 1.893198e-19
2.420000e-07 1.893198e-19
2.425000e-07 1.893198e-19
2.430000e-07 1.893198e-19
2.435000e-07 1.893198e-19
2.440000e-07 1.893198e-19
2.445000e-07 1.893198e-19
2.450000e-07 1.893198e-19
2.455000e-07 1.893198e-19
2.460000e-07 1.893198e-19
2.465000e-07 1.893198e-19
2.470000e-07 1.893198e-19
2.475000e-07 1.893198e-19
2.480000e-07 1.893198e-19
2.485000e-07 1.893198e-19
2.490000e-07 1.893198e-19
2.495000e-07 1.893198e-19
2.500000e-07 1.893198e-19
2.505000e-07 1.893198e-19
2.510000e-07 1.893198e-19
2.515000e-07 1.893198e-19
2.520000e-07 1.893198e-19
2.525000e-07 1.893198e-19
2.530000e-07 1.893198e-19
2.535000e-07 1.893198e-19
2.540000e-07 1.893198e-19
2.545000e-07 1.893198e-19
2.550000e-07 1.893198e-19
2.555000e-07 1.893198e-19
2.560000e-07 1.893198e-19
2.565000e-07 1.893198e-19
2.570000e-07 1.893198e-19
2.575000e-07 1.893198e-19
2.580000e-07 1.893198e-19
2.585000e-07 1.893198e-19
2.590000e-07 1.893198e-19
2.595000e-07 1.893198e-19
2.600000e-07 1.893198e-19
2.605000e-07 1.893198e-19
2.610000e-07 1.893198e-19
2.615000e-07 1.893198e-19
2.620000e-07 1.893198e-19
2.625000e-07 1.893198e-19
2.630000e-07 1.893198e-19
2.635000e-07 1.893198e-19
2.640000e-07 1.893198e-19
2.645000e-07 1.893198e-19
2.650000e-07 1.893198e-19
2.655000e-07 1.893198e-19
2.660000e-07 1.893198e-19
2.665000e-07 1.893198e-19
2.670000e-07 1.893198e-19
2.675000e-07 1.893198e-19
2.680000e-07 1.893198e-19
2.685000e-07 1.893198e-19
2.690000e-07 1.893198e-19
2.695000e-07 1.893198e-19
2.700000e-07 1.893198e-19
2.705000e-07 1.893198e-19
2.710000e-07 1.893198e-19
2.715000e-07 1.893198e-19
2.720000e-07 1.893198e-19
2.725000e-07 1.893198e-19
2.730000e-07 1.893198e-19
2.735000e-07 1.893198e-19
2.740000e-07 1.893198e-19
2.745000e-07 1.893198e-19
2.750000e-07 1.893198e-19
2.755000e-07 1.893198e-19
2.760000e-07 1.893198e-19
2.765000e-07 1.893198e-19
2.770000e-07 1.893198e-19
2.775000e-07 1.893198e-19
2.780000e-07 1.893198e-19
2.785000e-07 1.893198e-19
2.790000e-07 1.893198e-19
2.795000e-07 1.893198e-19
2.800000e-07 1.893198e-19
2.805000e-07 1.893198e-19
2.810000e-07 1.893198e-19
2.815000e-07 1.893198e-19
2.820000e-07 1.893198e-19
2.825000e-07 1.893198e-19
2.830000e-07 1.893198e-19
2.835000e-07 1.893198e-19
2.840000e-07 1.893198e-19
2.845000e-07 1.893198e-19
2.850000e-07 1.893198e-19
2.855000e-07 1.893198e-19
2.860000e-07 1.893198e-19
2.865000e-07 1.893198e-19
2.870000e-07 1.893198e-19
2.875000e-07 1.893198e-19
2.880000e-07 1.893198e-19
2.885000e-07 1.893198e-19
2.890000e-07 1.893198e-19
2.895000e-07 1.893198e-19
2.900000e-07 1.893198e-19
2.905000e-07 1.893198e-19
2.910000e-07 1.893198e-19
2.915000e-07 1.893198e-19
2.920000e-07 1.893198e-19
2.925000e-07 1.893198e-19
2.930000e-07 1.893198e-19
2.935000e-07 1.893198e-19
2.940000e-07 1.893198e-19
2.945000e-07 1.893198e-19
2.950000e-07 1.893198e-19
2.955000e-07 1.893198e-19
2.960000e-07 1.893198e-19
2.965000e-07 1.893198e-19
2.970000e-07 1.893198e-19
2.975000e-07 1.893198e-19
2.980000e-07 1.893198e-19
2.985000e-07 1.893198e-19
2.990000e-07 1.893198e-19
2.995000e-07 1.893198e-19
3.000000e-07 1.481204e-19
3.005000e-07 1.481204e-19
3.010000e-07 1.481204e-19
3.015000e-07 1.481204e-19
3.020000e-07 1.481204e-19
3.025000e-07 1.481204e-19
3.030000e-07 1.893198e-19
3.035000e-07 1.893198e-19
3.040000e-07 1.893198e-19
3.045000e-07 1.893198e-19
3.050000e-07 1.893198e-19
3.055000e-07 1.893198e-19
3.060000e-07 1.893198e-19
3.065000e-07 1.893198e-19
3.070000e-07 1.893198e-19
3.075000e-07 1.893198e-19
3.080000e-07 1.893198e-19
3.085000e-07 1.893198e-19
3.090000e-07 1.893198e-19
3.095000e-07 1.893198e-19
3.100000e-07 1.893198e-19
3.105000e-07 1.893198e-19
3.110000e-07 1.893198e-19
3.115000e-07 1.893198e-19
3.120000e-07 1.893198e-19
3.125000e-07 1.893198e-19
3.130000e-07 1.893198e-19
3.135000e-07 1.893198e-19
3.140000e-07 1.893198e-19
3.145000e-07 1.893198e-19
3.150000e-07 1.893198e-19
3.155000e-07 1.893198e-19
3.160000e-07 1.893198e-19
3.165000e-07 1.893198e-19
3.170000e-07 1.893198e-19
3.175000e-07 1.893198e-19
3.180000e-07 1.893198e-19
3.185000e-07 1.893198e-19
3.190000e-07 1.893198e-19
3.195000e-07 1.893198e-19
3.200000e-07 1.893198e-19
3.205000e-07 1.893198e-19
3.210000e-07 1.893198e-19
3.215000e-07 1.893198e-19
3.220000e-07 1.893198e-19
3.225000e-07 1.893198e-19
3.230000e-07 1.481204e-19
3.235000e-07 1.481204e-19
3.240000e-07 1.481204e-19
3.245000e-07 1.481204e-19
3.250000e-07 1.481204e-19
3.255000e-07 1.481204e-19
3.260000e-07 1.893198e-19
3.265000e-07 1.893198e-19
3.270000e-07 1.893198e-19
3.275000e-07 1.893198e-19
3.280000e-07 1.893198e-19
3.285000e-07 1.893198e-19
3.290000e-07 1.893198e-19
3.295000e-07 1.893198e-19
3.300000e-07 1.893198e-19
3.305000e-07 1.893198e-19
3.310000e-07 1.893198e-19
3.315000e-07 1.893198e-19
3.320000e-07 1.893198e-19
3.325000e-07 1.893198e-19
3.330000e-07 1.893198e-19
3.335000e-07 1.893198e-19
3.340000e-07 1.893198e-19
3.345000e-07 1.893198e-19
3.350000e-07 1.893198e-19
3.355000e-07 1.893198e-19
3.360000e-07 1.893198e-19
3.365000e-07 1.893198e-19
3.370000e-07 1.893198e-19
3.375000e-07 1.893198e-19
3.380000e-07 1.893198e-19
3.385000e-07 1.893198e-19
3.390000e-07 1.893198e-19
3.395000e-07 1.893198e-19
3.400000e-07 1.893198e-19
3.405000e-07 1.893198e-19
3.410000e-07 1.893198e-19
3.415000e-07 1.893198e-19
3.420000e-07 1.893198e-19
3.425000e-07 1.893198e-19
3.430000e-07 1.893198e-19
3.435000e-07 1.893198e-19
3.440000e-07 1.893198e-19
3.445000e-07 1.893198e-19
3.450000e-07 1.893198e-19
3.455000e-07 1.893198e-19
3.460000e-07 1.893198e-19
3.465000e-07 1.893198e-19
3.470000e-07 1.893198e-19
3.475000e-07 1.893198e-19
3.480000e-07 1.893198e-19
3.485000e-07 1.893198e-19
3.490000e-07 1.893198e-19
3.495000e-07 1.893198e-19
3.500000e-07 1.893198e-19
3.505000e-07 1.893198e-19
3.510000e-07 1.893198e-19
3.515000e-07 1.893198e-19
3.520000e-07 1.893198e-19
3.525000e-07 1.893198e-19
3.530000e-07 1.893198e-19
3.535000e-07 1.893198e-19
3.540000e-07 1.893198e-19
3.545000e-07 1.893198e-19
3.550000e-07 1.893198e-19
3.555000e-07 1.893198e-19
3.560000e-07 1.893198e-19
3.565000e-07 1.893198e-19
3.570000e-07 1.893198e-19
3.575000e-07 1.893198e-19
3.580000e-07 1.893198e-19
3.585000e-07 1.893198e-19
3.590000e-07 1.893198e-19
3.595000e-07 1.893198e-19
3.600000e-07 1.893198e-19
3.605000e-07 1.893198e-19
3.610000e-07 1.893198e-19
3.615000e-07 1.893198e-19
3.620000e-07 1.893198e-19
3.625000e-07 1.893198e-19
3.630000e-07 1.893198e-19
3.635000e-07 1.893198e-19
3.640000e-07 1.893198e-19
3.645000e-07 1.893198e-19
3.650000e-07 1.893198e-19
3.655000e-07 1.893198e-19
3.660000e-07 1.893198e-19
3.665000e-07 1.893198e-19
3.670000e-07 1.893198e-19
3.675000e-07 1.893198e-19
3.680000e-07 1.893198e-19
3.685000e-07 1.893198e-19
3.690000e-07 1.893198e-19
3.695000e-07 1.893198e-19
3.700000e-07 1.893198e-19
3.705000e-07 1.893198e-19
3.710000e-07 1.893198e-19
3.715000e-07 1.893198e-19
3.720000e-07 1.893198e-19
3.725000e-07 1.893198e-19
3.730000e-07 1.893198e-19
3.735000e-07 1.893198e-19
3.740000e-07 1.893198e-19
3.745000e-07 1.893198e-19
3.750000e-07 1.893198e-19
3.755000e-07 1.893198e-19
3.760000e-07 1.893198e-19
3.765000e-07 1.893198e-19
3.770000e-07 1.893198e-19
3.775000e-07 1.893198e-19
3.780000e-07 1.893198e-19
3.785000e-07 1.893198e-19
3.790000e-07 1.893198e-19
3.795000e-07 1.893198e-19
3.800000e-07 1.893198e-19
3.805000e-07 1.893198e-19
3.810000e-07 1.893198e-19
3.815000e-07 1.893198e-19
3.820000e-07 1.893198e-19
3.825000e-07 1.893198e-19
3.830000e-07 1.893198e-19
3.835000e-07 1.893198e-19
3.840000e-07 1.893198e-19
3.845000e-07 1.893198e-19
3.850000e-07 1.893198e-19
3.855000e-07 1.893198e-19
3.860000e-07 1.893198e-19
3.865000e-07 1.893198e-19
3.870000e-07 1.893198e-19
3.875000e-07 1.893198e-19
3.880000e-07 1.893198e-19
3.885000e-07 1.893198e-19
3.890000e-07 1.893198e-19
3.895000e-07 1.893198e-19
3.900000e-07 1.893198e-19
3.905000e-07 1.893198e-19
3.910000e-07 1.893198e-19
3.915000e-07 1.893198e-19
3.920000e-07 1.893198e-19
3.925000e-07 1.893198e-19
3.930000e-07 1.893198e-19
3.935000e-07 1.893198e-19
3.940000e-07 1.893198e-19
3.945000e-07 1.893198e-19
3.950000e-07 1.893198e-19
3.955000e-07 1.893198e-19
3.960000e-07 1.893198e-19
3.965000e-07 1.893198e-19
3.970000e-07 1.893198e-19
3.975000e-07 1.893198e-19
3.980000e-07 1.893198e-19
3.985000e-07 1.893198e-19
3.990000e-07 1.893198e-19
3.995000e-07 1.893198e-19
4.000000e-07 1.893198e-19
4.005000e-07 1.893198e-19
4.010000e-07 1.893198e-19
4.015000e-07 1.893198e-19
4.020000e-07 1.893198e-19
4.025000e-07 1.893198e-19
4.030000e-07 1.893198e-19
4.035000e-07 1.893198e-19
4.040000e-07 1.893198e-19
4.045000e-07 1.893198e-19
4.050000e-07 1.893198e-19
4.055000e-07 1.893198e-19
4.060000e-07 1.893198e-19
4.065000e-07 1.893198e-19
4.070000e-07 1.893198e-19
4.075000e-07 1.893198e-19
4.080000e-07 1.893198e-19
4.085000e-07 1.893198e-19
4.090000e-07 1.893198e-19
4.095000e-07 1.893198e-19
4.100000e-07 1.893198e-19
4.105000e-07 1.893198e-19
4.110000e-07 1.893198e-19
4.115000e-07 1.893198e-19
4.120000e-07 1.893198e-19
4.125000e-07 1.893198e-19
4.130000e-07 1.893198e-19
4.135000e-07 1.893198e-19
4.140000e-07 1.893198e-19
4.145000e-07 1.893198e-19
4.150000e-07 1.893198e-19
4.155000e-07 1.893198e-19
4.160000e-07 1.893198e-19
4.165000e-07 1.893198e-19
4.170000e-07 1.893198e-19
4.175000e-07 1.893198e-19
4.180000e-07 1.893198e-19
4.185000e-07 1.893198e-19
4.190000e-07 1.893198e-19
4.195000e-07 1.893198e-19
4.200000e-07 1.893198e-19
4.205000e-07 1.893198e-19
4.210000e-07 1.893198e-19
4.215000e-07 1.893198e-19
4.220000e-07 1.893198e-19
4.225000e-07 1.893198e-19
4.230000e-07 1.893198e-19
4.235000e-07 1.893198e-19
4.240000e-07 1.893198e-19
4.245000e-07 1.893198e-19
4.250000e-07 1.893198e-19
4.255000e-07 1.893198e-19
4.260000e-07 1.893198e-19
4.265000e-07 1.893198e-19
4.270000e-07 1.893198e-19
4.275000e-07 1.893198e-19
4.280000e-07 1.893198e-19
4.285000e-07 1.893198e-19
4.290000e-07 1.893198e-19
4.295000e-07 1.893198e-19
4.300000e-07 1.893198e-19
4.305000e-07 1.893198e-19
4.310000e-07 1.893198e-19
4.315000e-07 1.893198e-19
4.320000e-07 1.893198e-19
4.325000e-07 1.893198e-19
4.330000e-07 1.893198e-19
4.335000e-07 1.893198e-19
4.340000e-07 1.893198e-19
4.345000e-07 1.893198e-19
4.350000e-07 1.893198e-19
4.355000e-07 1.893198e-19
4.360000e-07 1.893198e-19
4.365000e-07 1.893198e-19
4.370000e-07 1.893198e-19
4.375000e-07 1.893198e-19
4.380000e-07 1.893198e-19
4.385000e-07 1.893198e-19
4.390000e-07 1.893198e-19
4.395000e-07 1.893198e-19
4.400000e-07 1.893198e-19
4.405000e-07 1.893198e-19
4.410000e-07 1.893198e-19
4.415000e-07 1.893198e-19
4.420000e-07 1.893198e-19
4.425000e-07 1.893198e-19
4.430000e-07 1.893198e-19
4.435000e-07 1.893198e-19
4.440000e-07 1.893198e-19
4.445000e-07 1.893198e-19
4.450000e-07 1.893198e-19
4.455000e-07 1.893198e-19
4.460000e-07 1.893198e-19
4.465000e-07 1.893198e-19
4.470000e-07 1.893198e-19
4.475000e-07 1.893198e-19
4.480000e-07 1.893198e-19
4.485000e-07 1.893198e-19
4.490000e-07 1.893198e-19
4.495000e-07 1.893198e-19
4.500000e-07 1.893198e-19
4.505000e-07 1.893198e-19
4.510000e-07 1.893198e-19
4.515000e-07 1.893198e-19
4.520000e-07 1.893198e-19
4.525000e-07 1.893198e-19
4.530000e-07 1.893198e-19
4.535000e-07 1.893198e-19
4.540000e-07 1.893198e-19
4.545000e-07 1.893198e-19
4.550000e-07 1.893198e-19
4.555000e-07 1.893198e-19
4.560000e-07 1.893198e-19
4.565000e-07 1.893198e-19
4.570000e-07 1.893198e-19
4.575000e-07 1.893198e-19
4.580000e-07 1.893198e-19
4.585000e-07 1.893198e-19
4.590000e-07 1.893198e-19
4.595000e-07 1.893198e-19
4.600000e-07 1.893198e-19
4.605000e-07 1.893198e-19
4.610000e-07 1.893198e-19
4.615000e-07 1.893198e-19
4.620000e-07 1.893198e-19
4.625000e-07 1.893198e-19
4.630000e-07 1.893198e-19
4.635000e-07 1.893198e-19
4.640000e-07 1.893198e-19
4.645000e-07 1.893198e-19
4.650000e-07 1.893198e-19
4.655000e-07 1.893198e-19
4.660000e-07 1.893198e-19
4.665000e-07 1.893198e-19
4.670000e-07 1.893198e-19
4.675000e-07 1.893198e-19
4.680000e-07 1.893198e-19
4.685000e-07 1.893198e-19
4.690000e-07 1.893198e-19
4.695000e-07 1.893198e-19
4.700000e-07 1.893198e-19
4.705000e-07 1.893198e-19
4.710000e-07 1.893198e-19
4.715000e-07 1.893198e-19
4.720000e-07 1.893198e-19
4.725000e-07 1.893198e-19
4.730000e-07 1.893198e-19
4.735000e-07 1.893198e-19
4.740000e-07 1.893198e-19
4.745000e-07 1.893198e-19
4.750000e-07 1.893198e-19
4.755000e-07 1.893198e-19
4.760000e-07 1.893198e-19
4.765000e-07 1.893198e-19
4.770000e-07 1.893198e-19
4.775000e-07 1.893198e-19
4.780000e-07 1.893198e-19
4.785000e-07 1.893198e-19
4.790000e-07 1.893198e-19
4.795000e-07 1.893198e-19
4.800000e-07 1.893198e-19
4.805000e-07 1.893198e-19
4.810000e-07 1.893198e-19
4.815000e-07 1.893198e-19
4.820000e-07 1.893198e-19
4.825000e-07 1.893198e-19
4.830000e-07 1.893198e-19
4.835000e-07 1.893198e-19
4.840000e-07 1.893198e-19
4.845000e-07 1.893198e-19
4.850000e-07 1.893198e-19
4.855000e-07 1.893198e-19
4.860000e-07 1.893198e-19
4.865000e-07 1.893198e-19
4.870000e-07 1.893198e-19
4.875000e-07 1.893198e-19
4.880000e-07 1.893198e-19
4.885000e-07 1.893198e-19
4.890000e-07 1.893198e-19
4.895000e-07 1.893198e-19
4.900000e-07 1.893198e-19
4.905000e-07 1.893198e-19
4.910000e-07 1.893198e-19
4.915000e-07 1.893198e-19
4.920000e-07 1.893198e-19
4.925000e-07 1.893198e-19
4.930000e-07 1.893198e-19
4.935000e-07 1.893198e-19
4.940000e-07 1.893198e-19
4.945000e-07 1.893198e-19
4.950000e-07 1.893198e-19
4.955000e-07 1.893198e-19
4.960000e-07 1.893198e-19
4.965000e-07 1.893198e-19
4.970000e-07 1.893198e-19
4.975000e-07 1.893198e-19
4.980000e-07 1.893198e-19
4.985000e-07 1.893198e-19
4.990000e-07 1.893198e-19
4.995000e-07 1.893198e-19
5.000000e-07 1.893198e-19
5.005000e-07 1.893198e-19
5.010000e-07 1.893198e-19
5.015000e-07 1.893198e-19
5.020000e-07 1.893198e-19
5.025000e-07 1.893198e-19
5.030000e-07 1.893198e-19
5.035000e-07 1.893198e-19
5.040000e-07 1.893198e-19
5.045000e-07 1.893198e-19
5.050000e-07 1.893198e-19
5.055000e-07 1.893198e-19
5.060000e-07 1.893198e-19
5.065000e-07 1.893198e-19
5.070000e-07 1.893198e-19
5.075000e-07 1.893198e-19
5.080000e-07 1.893198e-19
5.085000e-07 1.893198e-19
5.090000e-07 1.893198e-19
5.095000e-07 1.893198e-19
5.100000e-07 1.893198e-19
5.105000e-07 1.893198e-19
5.110000e-07 1.893198e-19
5.115000e-07 1.893198e-19
5.120000e-07 1.893198e-19
5.125000e-07 1.893198e-19
5.130000e-07 1.893198e-19
5.135000e-07 1.893198e-19
5.140000e-07 1.893198e-19
5.145000e-07 1.893198e-19
5.150000e-07 1.893198e-19
5.155000e-07 1.893198e-19
5.160000e-07 1.893198e-19
5.165000e-07 1.893198e-19
5.170000e-07 1.893198e-19
5.175000e-07 1.893198e-19
5.180000e-07 1.893198e-19
5.185000e-07 1.893198e-19
5.190000e-07 1.893198e-19
5.195000e-07 1.893198e-19
5.200000e-07 1.893198e-19
5.205000e-07 1.893198e-19
5.210000e-07 1.893198e-19
5.215000e-07 1.893198e-19
5.220000e-07 1.893198e-19
5.225000e-07 1.893198e-19
5.230000e-07 1.893198e-19
5.235000e-07 1.893198e-19
5.240000e-07 1.893198e-19
5.245000e-07 1.893198e-19
5.250000e-07 1.893198e-19
5.255000e-07 1.893198e-19
5.260000e-07 1.893198e-19
5.265000e-07 1.893198e-19
5.270000e-07 1.893198e-19
5.275000e-07 1.893198e-19
5.280000e-07 1.893198e-19
5.285000e-07 1.893198e-19
5.290000e-07 1.893198e-19
5.295000e-07 1.893198e-19
5.300000e-07 1.893198e-19
5.305000e-07 1.893198e-19
5.310000e-07 1.893198e-19
5.315000e-07 1.893198e-19
5.320000e-07 1.893198e-19
5.325000e-07 1.893198e-19
5.330000e-07 1.893198e-19
5.335000e-07 1.893198e-19
5.340000e-07 1.893198e-19
5.345000e-07 1.893198e-19
5.350000e-07 1.893198e-19
5.355000e-07 1.893198e-19
5.360000e-07 1.893198e-19
5.365000e-07 1.893198e-19
5.370000e-07 1.893198e-19
5.375000e-07 1.893198e-19
5.380000e-07 1.893198e-19
5.385000e-07 1.893198e-19
5.390000e-07 1.893198e-19
5.395000e-07 1.893198e-19
5.400000e-07 1.893198e-19
5.405000e-07 1.893198e-19
5.410000e-07 1.893198e-19
5.415000e-07 1.893198e-19
5.420000e-07 1.893198e-19
5.425000e-07 1.893198e-19
5.430000e-07 1.893198e-19
5.435000e-07 1.893198e-19
5.440000e-07 1.893198e-19
5.445000e-07 1.893198e-19
5.450000e-07 1.893198e-19
5.455000e-07 1.893198e-19
5.460000e-07 1.893198e-19
5.465000e-07 1.893198e-19
5.470000e-07 1.893198e-19
5.475000e-07 1.893198e-19
5.480000e-07 1.893198e-19
5.485000e-07 1.893198e-19
5.490000e-07 1.893198e-19
5.495000e-07 1.893198e-19
5.500000e-07 1.893198e-19
5.505000e-07 1.893198e-19
5.510000e-07 1.893198e-19
5.515000e-07 1.893198e-19
5.520000e-07 1.893198e-19
5.525000e-07 1.893198e-19
5.530000e-07 1.893198e-19
5.535000e-07 1.893198e-19
5.540000e-07 1.893198e-19
5.545000e-07 1.893198e-19
5.550000e-07 1.893198e-19
5.555000e-07 1.893198e-19
5.560000e-07 1.893198e-19
5.565000e-07 1.893198e-19
5.570000e-07 1.893198e-19
5.575000e-07 1.893198e-19
5.580000e-07 1.893198e-19
5.585000e-07 1.893198e-19
5.590000e-07 1.893198e-19
5.595000e-07 1.893198e-19
5.600000e-07 1.893198e-19
5.605000e-07 1.893198e-19
5.610000e-07 1.893198e-19
5.615000e-07 1.893198e-19
5.620000e-07 1.893198e-19
5.625000e-07 1.893198e-19
5.630000e-07 1.893198e-19
5.635000e-07 1.893198e-19
5.640000e-07 1.893198e-19
5.645000e-07 1.893198e-19
5.650000e-07 1.893198e-19
5.655000e-07 1.893198e-19
5.660000e-07 1.893198e-19
5.665000e-07 1.893198e-19
5.670000e-07 1.893198e-19
5.675000e-07 1.893198e-19
5.680000e-07 1.893198e-19
5.685000e-07 1.893198e-19
5.690000e-07 1.893198e-19
5.695000e-07 1.893198e-19
5.700000e-07 1.893198e-19
5.705000e-07 1.893198e-19
5.710000e-07 1.893198e-19
5.715000e-07 1.893198e-19
5.720000e-07 1.893198e-19
5.725000e-07 1.893198e-19
5.730000e-07 1.893198e-19
5.735000e-07 1.893198e-19
5.740000e-07 1.893198e-19
5.745000e-07 1.893198e-19
5.750000e-07 1.893198e-19
5.755000e-07 1.893198e-19
5.760000e-07 1.893198e-19
5.765000e-07 1.893198e-19
5.770000e-07 1.893198e-19
5.775000e-07 1.893198e-19
5.780000e-07 1.893198e-19
5.785000e-07 1.893198e-19
5.790000e-07 1.893198e-19
5.795000e-07 1.893198e-19
5.800000e-07 1.893198e-19
5.805000e-07 1.893198e-19
5.810000e-07 1.893198e-19
5.815000e-07 1.893198e-19
5.820000e-07 1.893198e-19
5.825000e-07 1.893198e-19
5.830000e-07 1.893198e-19
5.835000e-07 1.893198e-19
5.840000e-07 1.893198e-19
5.845000e-07 1.893198e-19
5.850000e-07 1.893198e-19
5.855000e-07 1.893198e-19
5.860000e-07 1.893198e-19
5.865000e-07 1.893198e-19
5.870000e-07 1.893198e-19
5.875000e-07 1.893198e-19
5.880000e-07 1.893198e-19
5.885000e-07 1.893198e-19
5.890000e-07 1.893198e-19
5.895000e-07 1.893198e-19
5.900000e-07 1.893198e-19
5.905000e-07 1.893198e-19
5.910000e-07 1.893198e-19
5.915000e-07 1.893198e-19
5.920000e-07 1.893198e-19
5.925000e-07 1.893198e-19
5.930000e-07 1.893198e-19
5.935000e-07 1.893198e-19
5.940000e-07 1.893198e-19
5.945000e-07 1.893198e-19
5.950000e-07 1.893198e-19
5.955000e-07 1.893198e-19
5.960000e-07 1.893198e-19
5.965000e-07 1.893198e-19
5.970000e-07 1.893198e-19
5.975000e-07 1.893198e-19
5.980000e-07 1.893198e-19
5.985000e-07 1.893198e-19
5.990000e-07 1.893198e-19
5.995000e-07 1.893198e-19
6.000000e-07 1.893198e-19
6.005000e-07 1.893198e-19
6.010000e-07 1.893198e-19
6.015000e-07 1.893198e-19
6.020000e-07 1.893198e-19
6.025000e-07 1.893198e-19
6.030000e-07 1.893198e-19
6.035000e-07 1.893198e-19
6.040000e-07 1.893198e-19
6.045000e-07 1.893198e-19
6.050000e-07 1.893198e-19
6.055000e-07 1.893198e-19
6.060000e-07 1.893198e-19
6.065000e-07 1.893198e-19
6.070000e-07 1.893198e-19
6.075000e-07 1.893198e-19
6.080000e-07 1.893198e-19
6.085000e-07 1.893198e-19
6.090000e-07 1.893198e-19
6.095000e-07 1.893198e-19
6.100000e-07 1.893198e-19
6.105000e-07 1.893198e-19
6.110000e-07 1.893198e-19
6.115000e-07 1.893198e-19
6.120000e-07 1.893198e-19
6.125000e-07 1.893198e-19
6.130000e-07 1.893198e-19
6.135000e-07 1.893198e-19
6.140000e-07 1.893198e-19
6.145000e-07 1.893198e-19
6.150000e-07 1.893198e-19
6.155000e-07 1.893198e-19
6.160000e-07 1.893198e-19
6.165000e-07 1.893198e-19
6.170000e-07 1.893198e-19
6.175000e-07 1.893198e-19
6.180000e-07 1.893198e-19
6.185000e-07 1.893198e-19
6.190000e-07 1.893198e-19
6.195000e-07 1.893198e-19
6.200000e-07 1.893198e-19
6.205000e-07 1.893198e-19
6.210000e-07 1.893198e-19
6.215000e-07 1.893198e-19
6.220000e-07 1.893198e-19
6.225000e-07 1.893198e-19
6.230000e-07 1.893198e-19
6.235000e-07 1.893198e-19
6.240000e-07 1.893198e-19
6.245000e-07 1.893198e-19
6.250000e-07 1.893198e-19
6.255000e-07 1.893198e-19
6.260000e-07 1.893198e-19
6.265000e-07 1.893198e-19
6.270000e-07 1.893198e-19
6.275000e-07 1.893198e-19
6.280000e-07 1.893198e-19
6.285000e-07 1.893198e-19
6.290000e-07 1.893198e-19
6.295000e-07 1.893198e-19
6.300000e-07 1.893198e-19
6.305000e-07 1.893198e-19
6.310000e-07 1.893198e-19
6.315000e-07 1.893198e-19
6.320000e-07 1.893198e-19
6.325000e-07 1.893198e-19
6.330000e-07 1.893198e-19
6.335000e-07 1.893198e-19
6.340000e-07 1.893198e-19
6.345000e-07 1.893198e-19
6.350000e-07 1.893198e-19
6.355000e-07 1.893198e-19
6.360000e-07 1.893198e-19
6.365000e-07 1.893198e-19
6.370000e-07 1.893198e-19
6.375000e-07 1.893198e-19
6.380000e-07 1.893198e-19
6.385000e-07 1.893198e-19
6.390000e-07 1.893198e-19
6.395000e-07 1.893198e-19
6.400000e-07 1.893198e-19
6.405000e-07 1.893198e-19
6.410000e-07 1.893198e-19
6.415000e-07 1.893198e-19
6.420000e-07 1.893198e-19
6.425000e-07 1.893198e-19
6.430000e-07 1.893198e-19
6.435000e-07 1.893198e-19
6.440000e-07 1.893198e-19
6.445000e-07 1.893198e-19
6.450000e-07 1.893198e-19
6.455000e-07 1.893198e-19
