0.000000e+00 0.000000e+00
5.000000e-10 9.354083e-07
1.000000e-09 1.870794e-06
1.500000e-09 2.806135e-06
2.000000e-09 3.741408e-06
2.500000e-09 4.676591e-06
3.000000e-09 5.611662e-06
3.500000e-09 6.546598e-06
4.000000e-09 7.481376e-06
4.500000e-09 8.415974e-06
5.000000e-09 9.350369e-06
5.500000e-09 1.028454e-05
6.000000e-09 1.121846e-05
6.500000e-09 1.215212e-05
7.000000e-09 1.308548e-05
7.500000e-09 1.401852e-05
8.000000e-09 1.495123e-05
8.500000e-09 1.588358e-05
9.000000e-09 1.681555e-05
9.500000e-09 1.774711e-05
1.000000e-08 1.867824e-05
1.050000e-08 1.960893e-05
1.100000e-08 2.053914e-05
1.150000e-08 2.146886e-05
1.200000e-08 2.239806e-05
1.250000e-08 2.332673e-05
1.300000e-08 2.425483e-05
1.350000e-08 2.518235e-05
1.400000e-08 2.610926e-05
1.450000e-08 2.703554e-05
1.500000e-08 2.796118e-05
1.550000e-08 2.888614e-05
1.600000e-08 2.981040e-05
1.650000e-08 3.073395e-05
1.700000e-08 3.165676e-05
1.750000e-08 3.257881e-05
1.800000e-08 3.350007e-05
1.850000e-08 3.442053e-05
1.900000e-08 3.534015e-05
1.950000e-08 3.625893e-05
2.000000e-08 3.717684e-05
2.050000e-08 3.809385e-05
2.100000e-08 3.900994e-05
2.150000e-08 3.992510e-05
2.200000e-08 4.083929e-05
2.250000e-08 4.175250e-05
2.300000e-08 4.266471e-05
2.350000e-08 4.357589e-05
2.400000e-08 4.448602e-05
2.450000e-08 4.539508e-05
2.500000e-08 4.630305e-05
2.550000e-08 4.720991e-05
2.600000e-08 4.811562e-05
2.650000e-08 4.902019e-05
2.700000e-08 4.992357e-05
2.750000e-08 5.082575e-05
2.800000e-08 5.172670e-05
2.850000e-08 5.262641e-05
2.900000e-08 5.352486e-05
2.950000e-08 5.442202e-05
3.000000e-08 5.531786e-05
3.050000e-08 5.621238e-05
3.100000e-08 5.710554e-05
3.150000e-08 5.799733e-05
3.200000e-08 5.888773e-05
3.250000e-08 5.977670e-05
3.300000e-08 6.066424e-05
3.350000e-08 6.155032e-05
3.400000e-08 6.243492e-05
3.450000e-08 6.331801e-05
3.500000e-08 6.419958e-05
3.550000e-08 6.507961e-05
3.600000e-08 6.595807e-05
3.650000e-08 6.683494e-05
3.700000e-08 6.771021e-05
3.750000e-08 6.858384e-05
3.800000e-08 6.945583e-05
3.850000e-08 7.032614e-05
3.900000e-08 7.119476e-05
3.950000e-08 7.206167e-05
4.000000e-08 7.292684e-05
4.050000e-08 7.379026e-05
4.100000e-08 7.465190e-05
4.150000e-08 7.551175e-05
4.200000e-08 7.636978e-05
4.250000e-08 7.722597e-05
4.300000e-08 7.808030e-05
4.350000e-08 7.893276e-05
4.400000e-08 7.978331e-05
4.450000e-08 8.063195e-05
4.500000e-08 8.147864e-05
4.550000e-08 8.232338e-05
4.600000e-08 8.316613e-05
4.650000e-08 8.400688e-05
4.700000e-08 8.484561e-05
4.750000e-08 8.568230e-05
4.800000e-08 8.651692e-05
4.850000e-08 8.734947e-05
4.900000e-08 8.817991e-05
4.950000e-08 8.900823e-05
5.000000e-08 8.983441e-05
5.050000e-08 9.065842e-05
5.100000e-08 9.148026e-05
5.150000e-08 9.229989e-05
5.200000e-08 9.311730e-05
5.250000e-08 9.393248e-05
5.300000e-08 9.474539e-05
5.350000e-08 9.555602e-05
5.400000e-08 9.636435e-05
5.450000e-08 9.717036e-05
5.500000e-08 9.797404e-05
5.550000e-08 9.877535e-05
5.600000e-08 9.957429e-05
5.650000e-08 1.003708e-04
5.700000e-08 1.011650e-04
5.750000e-08 1.019567e-04
5.800000e-08 1.027459e-04
5.850000e-08 1.035327e-04
5.900000e-08 1.043169e-04
5.950000e-08 1.050987e-04
6.000000e-08 1.058779e-04
6.050000e-08 1.066546e-04
6.100000e-08 1.074288e-04
6.150000e-08 1.082003e-04
6.200000e-08 1.089692e-04
6.250000e-08 1.097355e-04
6.300000e-08 1.104992e-04
6.350000e-08 1.112602e-04
6.400000e-08 1.120186e-04
6.450000e-08 1.127742e-04
6.500000e-08 1.135271e-04
6.550000e-08 1.142773e-04
6.600000e-08 1.150247e-04
6.650000e-08 1.157694e-04
6.700000e-08 1.165113e-04
6.750000e-08 1.172504e-04
6.800000e-08 1.179867e-04
6.850000e-08 1.187201e-04
6.900000e-08 1.194507e-04
6.950000e-08 1.201783e-04
7.000000e-08 1.209031e-04
7.050000e-08 1.216250e-04
7.100000e-08 1.223440e-04
7.150000e-08 1.230600e-04
7.200000e-08 1.237731e-04
7.250000e-08 1.244832e-04
7.300000e-08 1.251902e-04
7.350000e-08 1.258943e-04
7.400000e-08 1.265954e-04
7.450000e-08 1.272934e-04
7.500000e-08 1.279883e-04
7.550000e-08 1.286801e-04
7.600000e-08 1.293689e-04
7.650000e-08 1.300545e-04
7.700000e-08 1.307371e-04
7.750000e-08 1.314164e-04
7.800000e-08 1.320926e-04
7.850000e-08 1.327656e-04
7.900000e-08 1.334355e-04
7.950000e-08 1.341021e-04
8.000000e-08 1.347655e-04
8.050000e-08 1.354256e-04
8.100000e-08 1.360825e-04
8.150000e-08 1.367362e-04
8.200000e-08 1.373865e-04
8.250000e-08 1.380335e-04
8.300000e-08 1.386772e-04
8.350000e-08 1.393176e-04
8.400000e-08 1.399546e-04
8.450000e-08 1.405882e-04
8.500000e-08 1.412185e-04
8.550000e-08 1.418453e-04
8.600000e-08 1.424688e-04
8.650000e-08 1.430888e-04
8.700000e-08 1.437054e-04
8.750000e-08 1.443185e-04
8.800000e-08 1.449281e-04
8.850000e-08 1.455343e-04
8.900000e-08 1.461369e-04
8.950000e-08 1.467361e-04
9.000000e-08 1.473317e-04
9.050000e-08 1.479237e-04
9.100000e-08 1.485122e-04
9.150000e-08 1.490972e-04
9.200000e-08 1.496785e-04
9.250000e-08 1.502562e-04
9.300000e-08 1.508303e-04
9.350000e-08 1.514008e-04
9.400000e-08 1.519677e-04
9.450000e-08 1.525309e-04
9.500000e-08 1.530904e-04
9.550000e-08 1.536462e-04
9.600000e-08 1.541984e-04
9.650000e-08 1.547468e-04
9.700000e-08 1.552915e-04
9.750000e-08 1.558325e-04
9.800000e-08 1.563697e-04
9.850000e-08 1.569031e-04
9.900000e-08 1.574328e-04
9.950000e-08 1.579587e-04
1.000000e-07 1.584808e-04
1.005000e-07 1.589991e-04
1.010000e-07 1.595135e-04
1.015000e-07 1.600241e-04
1.020000e-07 1.605309e-04
1.025000e-07 1.610338e-04
1.030000e-07 1.615328e-04
1.035000e-07 1.620279e-04
1.040000e-07 1.625192e-04
1.045000e-07 1.630065e-04
1.050000e-07 1.634899e-04
1.055000e-07 1.639694e-04
1.060000e-07 1.644449e-04
1.065000e-07 1.649165e-04
1.070000e-07 1.653840e-04
1.075000e-07 1.658477e-04
1.080000e-07 1.663073e-04
1.085000e-07 1.667629e-04
1.090000e-07 1.672145e-04
1.095000e-07 1.676621e-04
1.100000e-07 1.681057e-04
1.105000e-07 1.685452e-04
1.110000e-07 1.689806e-04
1.115000e-07 1.694120e-04
1.120000e-07 1.698393e-04
1.125000e-07 1.702625e-04
1.130000e-07 1.706816e-04
1.135000e-07 1.710967e-04
1.140000e-07 1.715076e-04
1.145000e-07 1.719143e-04
1.150000e-07 1.723170e-04
1.155000e-07 1.727154e-04
1.160000e-07 1.731098e-04
1.165000e-07 1.734999e-04
1.170000e-07 1.738859e-04
1.175000e-07 1.742677e-04
1.180000e-07 1.746453e-04
1.185000e-07 1.750188e-04
1.190000e-07 1.753879e-04
1.195000e-07 1.757529e-04
1.200000e-07 1.761137e-04
1.205000e-07 1.764702e-04
1.210000e-07 1.768224e-04
1.215000e-07 1.771704e-04
1.220000e-07 1.775142e-04
1.225000e-07 1.778537e-04
1.230000e-07 1.781889e-04
1.235000e-07 1.785198e-04
1.240000e-07 1.788464e-04
1.245000e-07 1.791687e-04
1.250000e-07 1.794867e-04
1.255000e-07 1.798003e-04
1.260000e-07 1.801097e-04
1.265000e-07 1.804147e-04
1.270000e-07 1.807154e-04
1.275000e-07 1.810117e-04
1.280000e-07 1.813037e-04
1.285000e-07 1.815913e-04
1.290000e-07 1.818745e-04
1.295000e-07 1.821533e-04
1.300000e-07 1.824278e-04
1.305000e-07 1.826979e-04
1.310000e-07 1.829636e-04
1.315000e-07 1.832249e-04
1.320000e-07 1.834817e-04
1.325000e-07 1.837342e-04
1.330000e-07 1.839822e-04
1.335000e-07 1.842259e-04
1.340000e-07 1.844650e-04
1.345000e-07 1.846998e-04
1.350000e-07 1.849301e-04
1.355000e-07 1.851559e-04
1.360000e-07 1.853773e-04
1.365000e-07 1.855942e-04
1.370000e-07 1.858067e-04
1.375000e-07 1.860147e-04
1.380000e-07 1.862182e-04
1.385000e-07 1.864172e-04
1.390000e-07 1.866118e-04
1.395000e-07 1.868018e-04
1.400000e-07 1.869874e-04
1.405000e-07 1.871684e-04
1.410000e-07 1.873450e-04
1.415000e-07 1.875170e-04
1.420000e-07 1.876846e-04
1.425000e-07 1.878476e-04
1.430000e-07 1.880061e-04
1.435000e-07 1.881601e-04
1.440000e-07 1.883095e-04
1.445000e-07 1.884544e-04
1.450000e-07 1.885948e-04
1.455000e-07 1.887306e-04
1.460000e-07 1.888619e-04
1.465000e-07 1.889887e-04
1.470000e-07 1.891109e-04
1.475000e-07 1.892286e-04
1.480000e-07 1.893417e-04
1.485000e-07 1.894502e-04
1.490000e-07 1.895542e-04
1.495000e-07 1.896536e-04
1.500000e-07 1.897485e-04
1.505000e-07 1.898388e-04
1.510000e-07 1.899245e-04
1.515000e-07 1.900057e-04
1.520000e-07 1.900822e-04
1.525000e-07 1.901542e-04
1.530000e-07 1.902217e-04
1.535000e-07 1.902845e-04
1.540000e-07 1.903428e-04
1.545000e-07 1.903965e-04
1.550000e-07 1.904456e-04
1.555000e-07 1.904902e-04
1.560000e-07 1.905301e-04
1.565000e-07 1.905655e-04
1.570000e-07 1.905962e-04
1.575000e-07 1.906224e-04
1.580000e-07 1.906440e-04
1.585000e-07 1.906611e-04
1.590000e-07 1.906735e-04
1.595000e-07 1.906813e-04
1.600000e-07 1.906846e-04
1.605000e-07 1.906832e-04
1.610000e-07 1.906773e-04
1.615000e-07 1.906668e-04
1.620000e-07 1.906517e-04
1.625000e-07 1.906320e-04
1.630000e-07 1.906077e-04
1.635000e-07 1.905789e-04
1.640000e-07 1.905454e-04
1.645000e-07 1.905074e-04
1.650000e-07 1.904647e-04
1.655000e-07 1.904175e-04
1.660000e-07 1.903658e-04
1.665000e-07 1.903094e-04
1.670000e-07 1.902484e-04
1.675000e-07 1.901829e-04
1.680000e-07 1.901128e-04
1.685000e-07 1.900381e-04
1.690000e-07 1.899589e-04
1.695000e-07 1.898751e-04
1.700000e-07 1.897867e-04
1.705000e-07 1.896937e-04
1.710000e-07 1.895962e-04
1.715000e-07 1.894941e-04
1.720000e-07 1.893874e-04
1.725000e-07 1.892762e-04
1.730000e-07 1.891605e-04
1.735000e-07 1.890402e-04
1.740000e-07 1.889153e-04
1.745000e-07 1.887859e-04
1.750000e-07 1.886520e-04
1.755000e-07 1.885135e-04
1.760000e-07 1.883705e-04
1.765000e-07 1.882229e-04
1.770000e-07 1.880708e-04
1.775000e-07 1.879142e-04
1.780000e-07 1.877531e-04
1.785000e-07 1.875874e-04
1.790000e-07 1.874172e-04
1.795000e-07 1.872426e-04
1.800000e-07 1.870634e-04
1.805000e-07 1.868797e-04
1.810000e-07 1.866915e-04
1.815000e-07 1.864988e-04
1.820000e-07 1.863017e-04
1.825000e-07 1.861000e-04
1.830000e-07 1.858939e-04
1.835000e-07 1.856833e-04
1.840000e-07 1.854682e-04
1.845000e-07 1.852487e-04
1.850000e-07 1.850247e-04
1.855000e-07 1.847963e-04
1.860000e-07 1.845634e-04
1.865000e-07 1.843261e-04
1.870000e-07 1.840843e-04
1.875000e-07 1.838381e-04
1.880000e-07 1.835875e-04
1.885000e-07 1.833325e-04
1.890000e-07 1.830730e-04
1.895000e-07 1.828092e-04
1.900000e-07 1.825409e-04
1.905000e-07 1.822683e-04
1.910000e-07 1.819912e-04
1.915000e-07 1.817098e-04
1.920000e-07 1.814240e-04
1.925000e-07 1.811339e-04
1.930000e-07 1.808394e-04
1.935000e-07 1.805405e-04
1.940000e-07 1.802373e-04
1.945000e-07 1.799298e-04
1.950000e-07 1.796179e-04
1.955000e-07 1.793017e-04
1.960000e-07 1.789812e-04
1.965000e-07 1.786564e-04
1.970000e-07 1.783273e-04
1.975000e-07 1.779939e-04
1.980000e-07 1.776562e-04
1.985000e-07 1.773142e-04
1.990000e-07 1.769680e-04
1.995000e-07 1.766175e-04
2.000000e-07 1.762628e-04
2.005000e-07 1.759038e-04
2.010000e-07 1.755406e-04
2.015000e-07 1.751731e-04
2.020000e-07 1.748015e-04
2.025000e-07 1.744256e-04
2.030000e-07 1.740456e-04
2.035000e-07 1.736613e-04
2.040000e-07 1.732729e-04
2.045000e-07 1.728803e-04
2.050000e-07 1.724835e-04
2.055000e-07 1.720826e-04
2.060000e-07 1.716776e-04
2.065000e-07 1.712684e-04
2.070000e-07 1.708551e-04
2.075000e-07 1.704377e-04
2.080000e-07 1.700162e-04
2.085000e-07 1.695906e-04
2.090000e-07 1.691609e-04
2.095000e-07 1.687271e-04
2.100000e-07 1.682893e-04
2.105000e-07 1.678475e-04
2.110000e-07 1.674015e-04
2.115000e-07 1.669516e-04
2.120000e-07 1.664977e-04
2.125000e-07 1.660397e-04
2.130000e-07 1.655777e-04
2.135000e-07 1.651118e-04
2.140000e-07 1.646419e-04
2.145000e-07 1.641680e-04
2.150000e-07 1.636902e-04
2.155000e-07 1.632084e-04
2.160000e-07 1.627227e-04
2.165000e-07 1.622331e-04
2.170000e-07 1.617396e-04
2.175000e-07 1.612422e-04
2.180000e-07 1.607409e-04
2.185000e-07 1.602358e-04
2.190000e-07 1.597268e-04
2.195000e-07 1.592139e-04
2.200000e-07 1.586973e-04
2.205000e-07 1.581768e-04
2.210000e-07 1.576524e-04
2.215000e-07 1.571243e-04
2.220000e-07 1.565925e-04
2.225000e-07 1.560568e-04
2.230000e-07 1.555174e-04
2.235000e-07 1.549743e-04
2.240000e-07 1.544274e-04
2.245000e-07 1.538768e-04
2.250000e-07 1.533225e-04
2.255000e-07 1.527645e-04
2.260000e-07 1.522028e-04
2.265000e-07 1.516375e-04
2.270000e-07 1.510685e-04
2.275000e-07 1.504959e-04
2.280000e-07 1.499197e-04
2.285000e-07 1.493399e-04
2.290000e-07 1.487564e-04
2.295000e-07 1.481694e-04
2.300000e-07 1.475788e-04
2.305000e-07 1.469847e-04
2.310000e-07 1.463870e-04
2.315000e-07 1.457859e-04
2.320000e-07 1.451812e-04
2.325000e-07 1.445730e-04
2.330000e-07 1.439613e-04
2.335000e-07 1.433462e-04
2.340000e-07 1.427276e-04
2.345000e-07 1.421056e-04
2.350000e-07 1.414801e-04
2.355000e-07 1.408513e-04
2.360000e-07 1.402191e-04
2.365000e-07 1.395834e-04
2.370000e-07 1.389445e-04
2.375000e-07 1.383022e-04
2.380000e-07 1.376565e-04
2.385000e-07 1.370076e-04
2.390000e-07 1.363553e-04
2.395000e-07 1.356998e-04
2.400000e-07 1.350410e-04
2.405000e-07 1.343790e-04
2.410000e-07 1.337137e-04
2.415000e-07 1.330452e-04
2.420000e-07 1.323735e-04
2.425000e-07 1.316986e-04
2.430000e-07 1.310206e-04
2.435000e-07 1.303394e-04
2.440000e-07 1.296550e-04
2.445000e-07 1.289676e-04
2.450000e-07 1.282770e-04
2.455000e-07 1.275833e-04
2.460000e-07 1.268866e-04
2.465000e-07 1.261869e-04
2.470000e-07 1.254840e-04
2.475000e-07 1.247782e-04
2.480000e-07 1.240694e-04
2.485000e-07 1.233576e-04
2.490000e-07 1.226428e-04
2.495000e-07 1.219250e-04
2.500000e-07 1.212044e-04
2.505000e-07 1.204808e-04
2.510000e-07 1.197543e-04
2.515000e-07 1.190249e-04
2.520000e-07 1.182927e-04
2.525000e-07 1.175576e-04
2.530000e-07 1.168197e-04
2.535000e-07 1.160790e-04
2.540000e-07 1.153354e-04
2.545000e-07 1.145891e-04
2.550000e-07 1.138401e-04
2.555000e-07 1.130883e-04
2.560000e-07 1.123338e-04
2.565000e-07 1.115766e-04
2.570000e-07 1.108167e-04
2.575000e-07 1.100541e-04
2.580000e-07 1.092889e-04
2.585000e-07 1.085211e-04
2.590000e-07 1.077506e-04
2.595000e-07 1.069776e-04
2.600000e-07 1.062019e-04
2.605000e-07 1.054238e-04
2.610000e-07 1.046431e-04
2.615000e-07 1.038598e-04
2.620000e-07 1.030741e-04
2.625000e-07 1.022859e-04
2.630000e-07 1.014952e-04
2.635000e-07 1.007021e-04
2.640000e-07 9.990655e-05
2.645000e-07 9.910861e-05
2.650000e-07 9.830828e-05
2.655000e-07 9.750559e-05
2.660000e-07 9.670055e-05
2.665000e-07 9.589318e-05
2.670000e-07 9.508350e-05
2.675000e-07 9.427154e-05
2.680000e-07 9.345731e-05
2.685000e-07 9.264083e-05
2.690000e-07 9.182212e-05
2.695000e-07 9.100120e-05
2.700000e-07 9.017809e-05
2.705000e-07 8.935281e-05
2.710000e-07 8.852538e-05
2.715000e-07 8.769582e-05
2.720000e-07 8.686415e-05
2.725000e-07 8.603039e-05
2.730000e-07 8.519456e-05
2.735000e-07 8.435668e-05
2.740000e-07 8.351677e-05
2.745000e-07 8.267484e-05
2.750000e-07 8.183093e-05
2.755000e-07 8.098505e-05
2.760000e-07 8.013723e-05
2.765000e-07 7.928747e-05
2.770000e-07 7.843580e-05
2.775000e-07 7.758225e-05
2.780000e-07 7.672683e-05
2.785000e-07 7.586957e-05
2.790000e-07 7.501047e-05
2.795000e-07 7.414958e-05
2.800000e-07 7.328690e-05
2.805000e-07 7.242245e-05
2.810000e-07 7.155626e-05
2.815000e-07 7.068835e-05
2.820000e-07 6.981874e-05
2.825000e-07 6.894745e-05
2.830000e-07 6.807450e-05
2.835000e-07 6.719992e-05
2.840000e-07 6.632371e-05
2.845000e-07 6.544591e-05
2.850000e-07 6.456653e-05
2.855000e-07 6.368560e-05
2.860000e-07 6.280314e-05
2.865000e-07 6.191917e-05
2.870000e-07 6.103370e-05
2.875000e-07 6.014677e-05
2.880000e-07 5.925839e-05
2.885000e-07 5.836859e-05
2.890000e-07 5.747738e-05
2.895000e-07 5.658478e-05
2.900000e-07 5.569083e-05
2.905000e-07 5.479553e-05
2.910000e-07 5.389892e-05
2.915000e-07 5.300101e-05
2.920000e-07 5.210182e-05
2.925000e-07 5.120138e-05
2.930000e-07 5.029971e-05
2.935000e-07 4.939682e-05
2.940000e-07 4.849275e-05
2.945000e-07 4.758751e-05
2.950000e-07 4.668113e-05
2.955000e-07 4.577362e-05
2.960000e-07 4.486502e-05
2.965000e-07 4.395533e-05
2.970000e-07 4.304458e-05
2.975000e-07 4.213280e-05
2.980000e-07 4.122000e-05
2.985000e-07 4.030622e-05
2.990000e-07 3.939146e-05
2.995000e-07 3.847575e-05
3.000000e-07 3.768330e-05
3.005000e-07 3.275439e-05
3.010000e-07 2.412212e-05
3.015000e-07 1.276251e-05
3.020000e-07 -4.009539e-08
3.025000e-07 -1.283816e-05
3.030000e-07 -2.629312e-05
3.035000e-07 -4.185586e-05
3.040000e-07 -5.741759e-05
3.045000e-07 -7.297795e-05
3.050000e-07 -8.853654e-05
3.055000e-07 -1.040930e-04
3.060000e-07 -1.196470e-04
3.065000e-07 -1.351981e-04
3.070000e-07 -1.507459e-04
3.075000e-07 -1.662901e-04
3.080000e-07 -1.818303e-04
3.085000e-07 -1.973661e-04
3.090000e-07 -2.128972e-04
3.095000e-07 -2.284231e-04
3.100000e-07 -2.439436e-04
3.105000e-07 -2.594582e-04
3.110000e-07 -2.749665e-04
3.115000e-07 -2.904682e-04
3.120000e-07 -3.059630e-04
3.125000e-07 -3.214503e-04
3.130000e-07 -3.369300e-04
3.135000e-07 -3.524015e-04
3.140000e-07 -3.678646e-04
3.145000e-07 -3.833187e-04
3.150000e-07 -3.987637e-04
3.155000e-07 -4.141991e-04
3.160000e-07 -4.296245e-04
3.165000e-07 -4.450396e-04
3.170000e-07 -4.604439e-04
3.175000e-07 -4.758372e-04
3.180000e-07 -4.912190e-04
3.185000e-07 -5.065890e-04
3.190000e-07 -5.219469e-04
3.195000e-07 -5.372921e-04
3.200000e-07 -5.526244e-04
3.205000e-07 -5.679435e-04
3.210000e-07 -5.832488e-04
3.215000e-07 -5.985401e-04
3.220000e-07 -6.138171e-04
3.225000e-07 -6.290792e-04
3.230000e-07 -6.422607e-04
3.235000e-07 -5.807598e-04
3.240000e-07 -4.535956e-04
3.245000e-07 -2.751460e-04
3.250000e-07 -6.558717e-05
3.255000e-07 1.513872e-04
3.260000e-07 3.883829e-04
3.265000e-07 6.625070e-04
3.270000e-07 9.366152e-04
3.275000e-07 1.210701e-03
3.280000e-07 1.484757e-03
3.285000e-07 1.758778e-03
3.290000e-07 2.032757e-03
3.295000e-07 2.306686e-03
3.300000e-07 2.580560e-03
3.305000e-07 2.854372e-03
3.310000e-07 3.128115e-03
3.315000e-07 3.401783e-03
3.320000e-07 3.675369e-03
3.325000e-07 3.948867e-03
3.330000e-07 4.222269e-03
3.335000e-07 4.495571e-03
3.340000e-07 4.768763e-03
3.345000e-07 5.041841e-03
3.350000e-07 5.314798e-03
3.355000e-07 5.587627e-03
3.360000e-07 5.860321e-03
3.365000e-07 6.132875e-03
3.370000e-07 6.405281e-03
3.375000e-07 6.677532e-03
3.380000e-07 6.949623e-03
3.385000e-07 7.221547e-03
3.390000e-07 7.493297e-03
3.395000e-07 7.764866e-03
3.400000e-07 8.036249e-03
3.405000e-07 8.307438e-03
3.410000e-07 8.578428e-03
3.415000e-07 8.849211e-03
3.420000e-07 9.119781e-03
3.425000e-07 9.390132e-03
3.430000e-07 9.660256e-03
3.435000e-07 9.930148e-03
3.440000e-07 1.019980e-02
3.445000e-07 1.046921e-02
3.450000e-07 1.073837e-02
3.455000e-07 1.100726e-02
3.460000e-07 1.127590e-02
3.465000e-07 1.154426e-02
3.470000e-07 1.181234e-02
3.475000e-07 1.208014e-02
3.480000e-07 1.234765e-02
3.485000e-07 1.261486e-02
3.490000e-07 1.288177e-02
3.495000e-07 1.314836e-02
3.500000e-07 1.341465e-02
3.505000e-07 1.368060e-02
3.510000e-07 1.394623e-02
3.515000e-07 1.421153e-02
3.520000e-07 1.447648e-02
3.525000e-07 1.474108e-02
3.530000e-07 1.500533e-02
3.535000e-07 1.526922e-02
3.540000e-07 1.553274e-02
3.545000e-07 1.579588e-02
3.550000e-07 1.605865e-02
3.555000e-07 1.632103e-02
3.560000e-07 1.658302e-02
3.565000e-07 1.684460e-02
3.570000e-07 1.710579e-02
3.575000e-07 1.736656e-02
3.580000e-07 1.762691e-02
3.585000e-07 1.788684e-02
3.590000e-07 1.814634e-02
3.595000e-07 1.840540e-02
3.600000e-07 1.866402e-02
3.605000e-07 1.892219e-02
3.610000e-07 1.917990e-02
3.615000e-07 1.943716e-02
3.620000e-07 1.969394e-02
3.625000e-07 1.995025e-02
3.630000e-07 2.020608e-02
3.635000e-07 2.046143e-02
3.640000e-07 2.071628e-02
3.645000e-07 2.097063e-02
3.650000e-07 2.122448e-02
3.655000e-07 2.147782e-02
3.660000e-07 2.173064e-02
3.665000e-07 2.198294e-02
3.670000e-07 2.223471e-02
3.675000e-07 2.248595e-02
3.680000e-07 2.273664e-02
3.685000e-07 2.298679e-02
3.690000e-07 2.323638e-02
3.695000e-07 2.348541e-02
3.700000e-07 2.373388e-02
3.705000e-07 2.398178e-02
3.710000e-07 2.422910e-02
3.715000e-07 2.447584e-02
3.720000e-07 2.472199e-02
3.725000e-07 2.496754e-02
3.730000e-07 2.521249e-02
3.735000e-07 2.545684e-02
3.740000e-07 2.570057e-02
3.745000e-07 2.594369e-02
3.750000e-07 2.618618e-02
3.755000e-07 2.642804e-02
3.760000e-07 2.666926e-02
3.765000e-07 2.690985e-02
3.770000e-07 2.714978e-02
3.775000e-07 2.738906e-02
3.780000e-07 2.762769e-02
3.785000e-07 2.786564e-02
3.790000e-07 2.810293e-02
3.795000e-07 2.833954e-02
3.800000e-07 2.857547e-02
3.805000e-07 2.881071e-02
3.810000e-07 2.904526e-02
3.815000e-07 2.927911e-02
3.820000e-07 2.951225e-02
3.825000e-07 2.974469e-02
3.830000e-07 2.997641e-02
3.835000e-07 3.020741e-02
3.840000e-07 3.043768e-02
3.845000e-07 3.066721e-02
3.850000e-07 3.089601e-02
3.855000e-07 3.112407e-02
3.860000e-07 3.135138e-02
3.865000e-07 3.157793e-02
3.870000e-07 3.180372e-02
3.875000e-07 3.202875e-02
3.880000e-07 3.225301e-02
3.885000e-07 3.247649e-02
3.890000e-07 3.269919e-02
3.895000e-07 3.292110e-02
3.900000e-07 3.314222e-02
3.905000e-07 3.336254e-02
3.910000e-07 3.358206e-02
3.915000e-07 3.380078e-02
3.920000e-07 3.401867e-02
3.925000e-07 3.423575e-02
3.930000e-07 3.445201e-02
3.935000e-07 3.466744e-02
3.940000e-07 3.488203e-02
3.945000e-07 3.509578e-02
3.950000e-07 3.530869e-02
3.955000e-07 3.552075e-02
3.960000e-07 3.573195e-02
3.965000e-07 3.594230e-02
3.970000e-07 3.615178e-02
3.975000e-07 3.636039e-02
3.980000e-07 3.656812e-02
3.985000e-07 3.677498e-02
3.990000e-07 3.698094e-02
3.995000e-07 3.718602e-02
4.000000e-07 3.739021e-02
4.005000e-07 3.759349e-02
4.010000e-07 3.779587e-02
4.015000e-07 3.799734e-02
4.020000e-07 3.819790e-02
4.025000e-07 3.839754e-02
4.030000e-07 3.859625e-02
4.035000e-07 3.879404e-02
4.040000e-07 3.899089e-02
4.045000e-07 3.918680e-02
4.050000e-07 3.938177e-02
4.055000e-07 3.957579e-02
4.060000e-07 3.976886e-02
4.065000e-07 3.996097e-02
4.070000e-07 4.015212e-02
4.075000e-07 4.034231e-02
4.080000e-07 4.053152e-02
4.085000e-07 4.071976e-02
4.090000e-07 4.090702e-02
4.095000e-07 4.109329e-02
4.100000e-07 4.127858e-02
4.105000e-07 4.146287e-02
4.110000e-07 4.164616e-02
4.115000e-07 4.182845e-02
4.120000e-07 4.200974e-02
4.125000e-07 4.219001e-02
4.130000e-07 4.236927e-02
4.135000e-07 4.254751e-02
4.140000e-07 4.272473e-02
4.145000e-07 4.290091e-02
4.150000e-07 4.307607e-02
4.155000e-07 4.325019e-02
4.160000e-07 4.342327e-02
4.165000e-07 4.359530e-02
4.170000e-07 4.376628e-02
4.175000e-07 4.393621e-02
4.180000e-07 4.410509e-02
4.185000e-07 4.427290e-02
4.190000e-07 4.443964e-02
4.195000e-07 4.460532e-02
4.200000e-07 4.476992e-02
4.205000e-07 4.493345e-02
4.210000e-07 4.509590e-02
4.215000e-07 4.525726e-02
4.220000e-07 4.541753e-02
4.225000e-07 4.557670e-02
4.230000e-07 4.573478e-02
4.235000e-07 4.589177e-02
4.240000e-07 4.604764e-02
4.245000e-07 4.620241e-02
4.250000e-07 4.635607e-02
4.255000e-07 4.650861e-02
4.260000e-07 4.666003e-02
4.265000e-07 4.681033e-02
4.270000e-07 4.695950e-02
4.275000e-07 4.710754e-02
4.280000e-07 4.725445e-02
4.285000e-07 4.740022e-02
4.290000e-07 4.754485e-02
4.295000e-07 4.768834e-02
4.300000e-07 4.783068e-02
4.305000e-07 4.797186e-02
4.310000e-07 4.811190e-02
4.315000e-07 4.825077e-02
4.320000e-07 4.838849e-02
4.325000e-07 4.852504e-02
4.330000e-07 4.866042e-02
4.335000e-07 4.879463e-02
4.340000e-07 4.892767e-02
4.345000e-07 4.905953e-02
4.350000e-07 4.919021e-02
4.355000e-07 4.931970e-02
4.360000e-07 4.944801e-02
4.365000e-07 4.957513e-02
4.370000e-07 4.970106e-02
4.375000e-07 4.982578e-02
4.380000e-07 4.994932e-02
4.385000e-07 5.007164e-02
4.390000e-07 5.019277e-02
4.395000e-07 5.031268e-02
4.400000e-07 5.043139e-02
4.405000e-07 5.054888e-02
4.410000e-07 5.066516e-02
4.415000e-07 5.078021e-02
4.420000e-07 5.089405e-02
4.425000e-07 5.100665e-02
4.430000e-07 5.111804e-02
4.435000e-07 5.122819e-02
4.440000e-07 5.133711e-02
4.445000e-07 5.144479e-02
4.450000e-07 5.155124e-02
4.455000e-07 5.165644e-02
4.460000e-07 5.176040e-02
4.465000e-07 5.186312e-02
4.470000e-07 5.196459e-02
4.475000e-07 5.206480e-02
4.480000e-07 5.216377e-02
4.485000e-07 5.226148e-02
4.490000e-07 5.235793e-02
4.495000e-07 5.245312e-02
4.500000e-07 5.254705e-02
4.505000e-07 5.263972e-02
4.510000e-07 5.273112e-02
4.515000e-07 5.282125e-02
4.520000e-07 5.291010e-02
4.525000e-07 5.299769e-02
4.530000e-07 5.308400e-02
4.535000e-07 5.316903e-02
4.540000e-07 5.325278e-02
4.545000e-07 5.333526e-02
4.550000e-07 5.341644e-02
4.555000e-07 5.349635e-02
4.560000e-07 5.357496e-02
4.565000e-07 5.365229e-02
4.570000e-07 5.372832e-02
4.575000e-07 5.380306e-02
4.580000e-07 5.387651e-02
4.585000e-07 5.394866e-02
4.590000e-07 5.401951e-02
4.595000e-07 5.408907e-02
4.600000e-07 5.415732e-02
4.605000e-07 5.422426e-02
4.610000e-07 5.428991e-02
4.615000e-07 5.435424e-02
4.620000e-07 5.441727e-02
4.625000e-07 5.447899e-02
4.630000e-07 5.453940e-02
4.635000e-07 5.459849e-02
4.640000e-07 5.465627e-02
4.645000e-07 5.471274e-02
4.650000e-07 5.476789e-02
4.655000e-07 5.482172e-02
4.660000e-07 5.487423e-02
4.665000e-07 5.492543e-02
4.670000e-07 5.497530e-02
4.675000e-07 5.502384e-02
4.680000e-07 5.507107e-02
4.685000e-07 5.511696e-02
4.690000e-07 5.516154e-02
4.695000e-07 5.520478e-02
4.700000e-07 5.524669e-02
4.705000e-07 5.528728e-02
4.710000e-07 5.532654e-02
4.715000e-07 5.536446e-02
4.720000e-07 5.540105e-02
4.725000e-07 5.543631e-02
4.730000e-07 5.547024e-02
4.735000e-07 5.550283e-02
4.740000e-07 5.553408e-02
4.745000e-07 5.556400e-02
4.750000e-07 5.559258e-02
4.755000e-07 5.561982e-02
4.760000e-07 5.564573e-02
4.765000e-07 5.567029e-02
4.770000e-07 5.569352e-02
4.775000e-07 5.571540e-02
4.780000e-07 5.573595e-02
4.785000e-07 5.575515e-02
4.790000e-07 5.577301e-02
4.795000e-07 5.578953e-02
4.800000e-07 5.580471e-02
4.805000e-07 5.581854e-02
4.810000e-07 5.583103e-02
4.815000e-07 5.584218e-02
4.820000e-07 5.585198e-02
4.825000e-07 5.586044e-02
4.830000e-07 5.586756e-02
4.835000e-07 5.587333e-02
4.840000e-07 5.587776e-02
4.845000e-07 5.588084e-02
4.850000e-07 5.588258e-02
4.855000e-07 5.588297e-02
4.860000e-07 5.588201e-02
4.865000e-07 5.587972e-02
4.870000e-07 5.587608e-02
4.875000e-07 5.587109e-02
4.880000e-07 5.586476e-02
4.885000e-07 5.585708e-02
4.890000e-07 5.584806e-02
4.895000e-07 5.583770e-02
4.900000e-07 5.582599e-02
4.905000e-07 5.581294e-02
4.910000e-07 5.579855e-02
4.915000e-07 5.578281e-02
4.920000e-07 5.576573e-02
4.925000e-07 5.574731e-02
4.930000e-07 5.572755e-02
4.935000e-07 5.570644e-02
4.940000e-07 5.568400e-02
4.945000e-07 5.566022e-02
4.950000e-07 5.563509e-02
4.955000e-07 5.560863e-02
4.960000e-07 5.558083e-02
4.965000e-07 5.555169e-02
4.970000e-07 5.552122e-02
4.975000e-07 5.548941e-02
4.980000e-07 5.545626e-02
4.985000e-07 5.542178e-02
4.990000e-07 5.538596e-02
4.995000e-07 5.534882e-02
5.000000e-07 5.531034e-02
5.005000e-07 5.527053e-02
5.010000e-07 5.522939e-02
5.015000e-07 5.518692e-02
5.020000e-07 5.514312e-02
5.025000e-07 5.509800e-02
5.030000e-07 5.505155e-02
5.035000e-07 5.500377e-02
5.040000e-07 5.495467e-02
5.045000e-07 5.490425e-02
5.050000e-07 5.485251e-02
5.055000e-07 5.479945e-02
5.060000e-07 5.474507e-02
5.065000e-07 5.468937e-02
5.070000e-07 5.463235e-02
5.075000e-07 5.457402e-02
5.080000e-07 5.451438e-02
5.085000e-07 5.445343e-02
5.090000e-07 5.439116e-02
5.095000e-07 5.432759e-02
5.100000e-07 5.426271e-02
5.105000e-07 5.419652e-02
5.110000e-07 5.412903e-02
5.115000e-07 5.406024e-02
5.120000e-07 5.399014e-02
5.125000e-07 5.391875e-02
5.130000e-07 5.384606e-02
5.135000e-07 5.377207e-02
5.140000e-07 5.369679e-02
5.145000e-07 5.362022e-02
5.150000e-07 5.354235e-02
5.155000e-07 5.346320e-02
5.160000e-07 5.338276e-02
5.165000e-07 5.330104e-02
5.170000e-07 5.321803e-02
5.175000e-07 5.313375e-02
5.180000e-07 5.304818e-02
5.185000e-07 5.296134e-02
5.190000e-07 5.287323e-02
5.195000e-07 5.278384e-02
5.200000e-07 5.269318e-02
5.205000e-07 5.260125e-02
5.210000e-07 5.250806e-02
5.215000e-07 5.241360e-02
5.220000e-07 5.231789e-02
5.225000e-07 5.222091e-02
5.230000e-07 5.212268e-02
5.235000e-07 5.202319e-02
5.240000e-07 5.192245e-02
5.245000e-07 5.182046e-02
5.250000e-07 5.171723e-02
5.255000e-07 5.161275e-02
5.260000e-07 5.150702e-02
5.265000e-07 5.140006e-02
5.270000e-07 5.129186e-02
5.275000e-07 5.118243e-02
5.280000e-07 5.107177e-02
5.285000e-07 5.095987e-02
5.290000e-07 5.084675e-02
5.295000e-07 5.073241e-02
5.300000e-07 5.061684e-02
5.305000e-07 5.050006e-02
5.310000e-07 5.038206e-02
5.315000e-07 5.026285e-02
5.320000e-07 5.014243e-02
5.325000e-07 5.002081e-02
5.330000e-07 4.989798e-02
5.335000e-07 4.977395e-02
5.340000e-07 4.964872e-02
5.345000e-07 4.952230e-02
5.350000e-07 4.939468e-02
5.355000e-07 4.926588e-02
5.360000e-07 4.913589e-02
5.365000e-07 4.900472e-02
5.370000e-07 4.887237e-02
5.375000e-07 4.873884e-02
5.380000e-07 4.860414e-02
5.385000e-07 4.846827e-02
5.390000e-07 4.833123e-02
5.395000e-07 4.819304e-02
5.400000e-07 4.805368e-02
5.405000e-07 4.791316e-02
5.410000e-07 4.777149e-02
5.415000e-07 4.762868e-02
5.420000e-07 4.748471e-02
5.425000e-07 4.733961e-02
5.430000e-07 4.719336e-02
5.435000e-07 4.704598e-02
5.440000e-07 4.689747e-02
5.445000e-07 4.674782e-02
5.450000e-07 4.659706e-02
5.455000e-07 4.644517e-02
5.460000e-07 4.629216e-02
5.465000e-07 4.613804e-02
5.470000e-07 4.598281e-02
5.475000e-07 4.582648e-02
5.480000e-07 4.566904e-02
5.485000e-07 4.551050e-02
5.490000e-07 4.535086e-02
5.495000e-07 4.519014e-02
5.500000e-07 4.502833e-02
5.505000e-07 4.486543e-02
5.510000e-07 4.470145e-02
5.515000e-07 4.453640e-02
5.520000e-07 4.437028e-02
5.525000e-07 4.420309e-02
5.530000e-07 4.403483e-02
5.535000e-07 4.386552e-02
5.540000e-07 4.369515e-02
5.545000e-07 4.352373e-02
5.550000e-07 4.335126e-02
5.555000e-07 4.317775e-02
5.560000e-07 4.300320e-02
5.565000e-07 4.282761e-02
5.570000e-07 4.265100e-02
5.575000e-07 4.247335e-02
5.580000e-07 4.229469e-02
5.585000e-07 4.211500e-02
5.590000e-07 4.193431e-02
5.595000e-07 4.175260e-02
5.600000e-07 4.156989e-02
5.605000e-07 4.138618e-02
5.610000e-07 4.120148e-02
5.615000e-07 4.101578e-02
5.620000e-07 4.082909e-02
5.625000e-07 4.064143e-02
5.630000e-07 4.045278e-02
5.635000e-07 4.026316e-02
5.640000e-07 4.007257e-02
5.645000e-07 3.988102e-02
5.650000e-07 3.968851e-02
5.655000e-07 3.949504e-02
5.660000e-07 3.930063e-02
5.665000e-07 3.910526e-02
5.670000e-07 3.890896e-02
5.675000e-07 3.871172e-02
5.680000e-07 3.851355e-02
5.685000e-07 3.831445e-02
5.690000e-07 3.811443e-02
5.695000e-07 3.791349e-02
5.700000e-07 3.771164e-02
5.705000e-07 3.750888e-02
5.710000e-07 3.730522e-02
5.715000e-07 3.710066e-02
5.720000e-07 3.689521e-02
5.725000e-07 3.668887e-02
5.730000e-07 3.648165e-02
5.735000e-07 3.627355e-02
5.740000e-07 3.606458e-02
5.745000e-07 3.585474e-02
5.750000e-07 3.564404e-02
5.755000e-07 3.543248e-02
5.760000e-07 3.522006e-02
5.765000e-07 3.500680e-02
5.770000e-07 3.479270e-02
5.775000e-07 3.457776e-02
5.780000e-07 3.436198e-02
5.785000e-07 3.414538e-02
5.790000e-07 3.392796e-02
5.795000e-07 3.370972e-02
5.800000e-07 3.349067e-02
5.805000e-07 3.327082e-02
5.810000e-07 3.305016e-02
5.815000e-07 3.282871e-02
5.820000e-07 3.260647e-02
5.825000e-07 3.238345e-02
5.830000e-07 3.215964e-02
5.835000e-07 3.193506e-02
5.840000e-07 3.170971e-02
5.845000e-07 3.148360e-02
5.850000e-07 3.125674e-02
5.855000e-07 3.102912e-02
5.860000e-07 3.080075e-02
5.865000e-07 3.057164e-02
5.870000e-07 3.034180e-02
5.875000e-07 3.011122e-02
5.880000e-07 2.987992e-02
5.885000e-07 2.964791e-02
5.890000e-07 2.941518e-02
5.895000e-07 2.918174e-02
5.900000e-07 2.894760e-02
5.905000e-07 2.871276e-02
5.910000e-07 2.847723e-02
5.915000e-07 2.824101e-02
5.920000e-07 2.800412e-02
5.925000e-07 2.776655e-02
5.930000e-07 2.752832e-02
5.935000e-07 2.728942e-02
5.940000e-07 2.704986e-02
5.945000e-07 2.680966e-02
5.950000e-07 2.656881e-02
5.955000e-07 2.632732e-02
5.960000e-07 2.608519e-02
5.965000e-07 2.584244e-02
5.970000e-07 2.559907e-02
5.975000e-07 2.535508e-02
5.980000e-07 2.511048e-02
5.985000e-07 2.486528e-02
5.990000e-07 2.461947e-02
5.995000e-07 2.437308e-02
6.000000e-07 2.412610e-02
6.005000e-07 2.387854e-02
6.010000e-07 2.363040e-02
6.015000e-07 2.338169e-02
6.020000e-07 2.313243e-02
6.025000e-07 2.288260e-02
6.030000e-07 2.263223e-02
6.035000e-07 2.238131e-02
6.040000e-07 2.212985e-02
6.045000e-07 2.187786e-02
6.050000e-07 2.162534e-02
6.055000e-07 2.137230e-02
6.060000e-07 2.111875e-02
6.065000e-07 2.086469e-02
6.070000e-07 2.061013e-02
6.075000e-07 2.035507e-02
6.080000e-07 2.009952e-02
6.085000e-07 1.984349e-02
6.090000e-07 1.958698e-02
6.095000e-07 1.933000e-02
6.100000e-07 1.907255e-02
6.105000e-07 1.881465e-02
6.110000e-07 1.855629e-02
6.115000e-07 1.829749e-02
6.120000e-07 1.803824e-02
6.125000e-07 1.777856e-02
6.130000e-07 1.751846e-02
6.135000e-07 1.725793e-02
6.140000e-07 1.699699e-02
6.145000e-07 1.673563e-02
6.150000e-07 1.647388e-02
6.155000e-07 1.621173e-02
6.160000e-07 1.594919e-02
6.165000e-07 1.568626e-02
6.170000e-07 1.542296e-02
6.175000e-07 1.515928e-02
6.180000e-07 1.489525e-02
6.185000e-07 1.463085e-02
6.190000e-07 1.436610e-02
6.195000e-07 1.410100e-02
6.200000e-07 1.383557e-02
6.205000e-07 1.356980e-02
6.210000e-07 1.330371e-02
6.215000e-07 1.303729e-02
6.220000e-07 1.277057e-02
6.225000e-07 1.250353e-02
6.230000e-07 1.223620e-02
6.235000e-07 1.196857e-02
6.240000e-07 1.170065e-02
6.245000e-07 1.143245e-02
6.250000e-07 1.116397e-02
6.255000e-07 1.089523e-02
6.260000e-07 1.062622e-02
6.265000e-07 1.035696e-02
6.270000e-07 1.008745e-02
6.275000e-07 9.817696e-03
6.280000e-07 9.547707e-03
6.285000e-07 9.277487e-03
6.290000e-07 9.007044e-03
6.295000e-07 8.736384e-03
6.300000e-07 8.465515e-03
6.305000e-07 8.194441e-03
6.310000e-07 7.923170e-03
6.315000e-07 7.651709e-03
6.320000e-07 7.380063e-03
6.325000e-07 7.108240e-03
6.330000e-07 6.836246e-03
6.335000e-07 6.564087e-03
6.340000e-07 6.291771e-03
6.345000e-07 6.019303e-03
6.350000e-07 5.746690e-03
6.355000e-07 5.473938e-03
6.360000e-07 5.201055e-03
6.365000e-07 4.928047e-03
6.370000e-07 4.654921e-03
6.375000e-07 4.381682e-03
6.380000e-07 4.108338e-03
6.385000e-07 3.834895e-03
6.390000e-07 3.561359e-03
6.395000e-07 3.287738e-03
6.400000e-07 3.014038e-03
6.405000e-07 2.740266e-03
6.410000e-07 2.466427e-03
6.415000e-07 2.192529e-03
6.420000e-07 1.918578e-03
6.425000e-07 1.644582e-03
6.430000e-07 1.370545e-03
6.435000e-07 1.096476e-03
6.440000e-07 8.223798e-04
6.445000e-07 5.482642e-04
6.450000e-07 2.741354e-04
6.455000e-07 2.471733e-13
