0.000000e+00 -1.524537e-09
1.000000e-11 7.509595e+04
2.000000e-11 1.501919e+05
3.000000e-11 2.252879e+05
4.000000e-11 3.003838e+05
5.000000e-11 3.754797e+05
6.000000e-11 4.505757e+05
7.000000e-11 5.256716e+05
8.000000e-11 6.007675e+05
9.000000e-11 6.758634e+05
1.000000e-10 7.509592e+05
1.100000e-10 8.260551e+05
1.200000e-10 9.011509e+05
1.300000e-10 9.762468e+05
1.400000e-10 1.051343e+06
1.500000e-10 1.126438e+06
1.600000e-10 1.201534e+06
1.700000e-10 1.276630e+06
1.800000e-10 1.351725e+06
1.900000e-10 1.426821e+06
2.000000e-10 1.501917e+06
2.100000e-10 1.577012e+06
2.200000e-10 1.652108e+06
2.300000e-10 1.727203e+06
2.400000e-10 1.802299e+06
2.500000e-10 1.877394e+06
2.600000e-10 1.952490e+06
2.700000e-10 2.027585e+06
2.800000e-10 2.102680e+06
2.900000e-10 2.177776e+06
3.000000e-10 2.252871e+06
3.100000e-10 2.327966e+06
3.200000e-10 2.403061e+06
3.300000e-10 2.478156e+06
3.400000e-10 2.553251e+06
3.500000e-10 2.628346e+06
3.600000e-10 2.703441e+06
3.700000e-10 2.778536e+06
3.800000e-10 2.853630e+06
3.900000e-10 2.928725e+06
4.000000e-10 3.003819e+06
4.100000e-10 3.078914e+06
4.200000e-10 3.154008e+06
4.300000e-10 3.229103e+06
4.400000e-10 3.304197e+06
4.500000e-10 3.379291e+06
4.600000e-10 3.454385e+06
4.700000e-10 3.529479e+06
4.800000e-10 3.604573e+06
4.900000e-10 3.679667e+06
5.000000e-10 3.754761e+06
5.100000e-10 3.829854e+06
5.200000e-10 3.904948e+06
5.300000e-10 3.980042e+06
5.400000e-10 4.055135e+06
5.500000e-10 4.130228e+06
5.600000e-10 4.205321e+06
5.700000e-10 4.280414e+06
5.800000e-10 4.355507e+06
5.900000e-10 4.430600e+06
6.000000e-10 4.505693e+06
6.100000e-10 4.580785e+06
6.200000e-10 4.655878e+06
6.300000e-10 4.730970e+06
6.400000e-10 4.806062e+06
6.500000e-10 4.881155e+06
6.600000e-10 4.956247e+06
6.700000e-10 5.031338e+06
6.800000e-10 5.106430e+06
6.900000e-10 5.181522e+06
7.000000e-10 5.256613e+06
7.100000e-10 5.331704e+06
7.200000e-10 5.406796e+06
7.300000e-10 5.481887e+06
7.400000e-10 5.556977e+06
7.500000e-10 5.632068e+06
7.600000e-10 5.707159e+06
7.700000e-10 5.782249e+06
7.800000e-10 5.857339e+06
7.900000e-10 5.932429e+06
8.000000e-10 6.007519e+06
8.100000e-10 6.082609e+06
8.200000e-10 6.157698e+06
8.300000e-10 6.232788e+06
8.400000e-10 6.307877e+06
8.500000e-10 6.382966e+06
8.600000e-10 6.458055e+06
8.700000e-10 6.533143e+06
8.800000e-10 6.608232e+06
8.900000e-10 6.683320e+06
9.000000e-10 6.758408e+06
9.100000e-10 6.833496e+06
9.200000e-10 6.908584e+06
9.300000e-10 6.983671e+06
9.400000e-10 7.058758e+06
9.500000e-10 7.133845e+06
9.600000e-10 7.208932e+06
9.700000e-10 7.284018e+06
9.800000e-10 7.359105e+06
9.900000e-10 7.434191e+06
1.000000e-09 7.471729e+06
1.010000e-09 7.471718e+06
1.020000e-09 7.471708e+06
1.030000e-09 7.471697e+06
1.040000e-09 7.471686e+06
1.050000e-09 7.471675e+06
1.060000e-09 7.471663e+06
1.070000e-09 7.471651e+06
1.080000e-09 7.471639e+06
1.090000e-09 7.471627e+06
1.100000e-09 7.471614e+06
1.110000e-09 7.471601e+06
1.120000e-09 7.471588e+06
1.130000e-09 7.471574e+06
1.140000e-09 7.471561e+06
1.150000e-09 7.471546e+06
1.160000e-09 7.471532e+06
1.170000e-09 7.471517e+06
1.180000e-09 7.471502e+06
1.190000e-09 7.471487e+06
1.200000e-09 7.471471e+06
1.210000e-09 7.471455e+06
1.220000e-09 7.471439e+06
1.230000e-09 7.471422e+06
1.240000e-09 7.471405e+06
1.250000e-09 7.471388e+06
1.260000e-09 7.471370e+06
1.270000e-09 7.471352e+06
1.280000e-09 7.471334e+06
1.290000e-09 7.471315e+06
1.300000e-09 7.471296e+06
1.310000e-09 7.471276e+06
1.320000e-09 7.471256e+06
1.330000e-09 7.471236e+06
1.340000e-09 7.471215e+06
1.350000e-09 7.471194e+06
1.360000e-09 7.471173e+06
1.370000e-09 7.471151e+06
1.380000e-09 7.471129e+06
1.390000e-09 7.471106e+06
1.400000e-09 7.471083e+06
1.410000e-09 7.471059e+06
1.420000e-09 7.471035e+06
1.430000e-09 7.471010e+06
1.440000e-09 7.470985e+06
1.450000e-09 7.470960e+06
1.460000e-09 7.470934e+06
1.470000e-09 7.470907e+06
1.480000e-09 7.470880e+06
1.490000e-09 7.470853e+06
1.500000e-09 7.470825e+06
1.510000e-09 7.470796e+06
1.520000e-09 7.470767e+06
1.530000e-09 7.470738e+06
1.540000e-09 7.470708e+06
1.550000e-09 7.470677e+06
1.560000e-09 7.470646e+06
1.570000e-09 7.470614e+06
1.580000e-09 7.470582e+06
1.590000e-09 7.470549e+06
1.600000e-09 7.470516e+06
1.610000e-09 7.470482e+06
1.620000e-09 7.470447e+06
1.630000e-09 7.470412e+06
1.640000e-09 7.470376e+06
1.650000e-09 7.470340e+06
1.660000e-09 7.470303e+06
1.670000e-09 7.470265e+06
1.680000e-09 7.470226e+06
1.690000e-09 7.470187e+06
1.700000e-09 7.470148e+06
1.710000e-09 7.470107e+06
1.720000e-09 7.470066e+06
1.730000e-09 7.470024e+06
1.740000e-09 7.469982e+06
1.750000e-09 7.469938e+06
1.760000e-09 7.469894e+06
1.770000e-09 7.469849e+06
1.780000e-09 7.469804e+06
1.790000e-09 7.469758e+06
1.800000e-09 7.469710e+06
1.810000e-09 7.469663e+06
1.820000e-09 7.469614e+06
1.830000e-09 7.469564e+06
1.840000e-09 7.469514e+06
1.850000e-09 7.469463e+06
1.860000e-09 7.469411e+06
1.870000e-09 7.469358e+06
1.880000e-09 7.469304e+06
1.890000e-09 7.469249e+06
1.900000e-09 7.469194e+06
1.910000e-09 7.469137e+06
1.920000e-09 7.469080e+06
1.930000e-09 7.469021e+06
1.940000e-09 7.468962e+06
1.950000e-09 7.468902e+06
1.960000e-09 7.468840e+06
1.970000e-09 7.468778e+06
1.980000e-09 7.468715e+06
1.990000e-09 7.468650e+06
2.000000e-09 7.468585e+06
2.010000e-09 7.468518e+06
2.020000e-09 7.468451e+06
2.030000e-09 7.468382e+06
2.040000e-09 7.468313e+06
2.050000e-09 7.468242e+06
2.060000e-09 7.468170e+06
2.070000e-09 7.468096e+06
2.080000e-09 7.468022e+06
2.090000e-09 7.467947e+06
2.100000e-09 7.467870e+06
2.110000e-09 7.467792e+06
2.120000e-09 7.467713e+06
2.130000e-09 7.467632e+06
2.140000e-09 7.467550e+06
2.150000e-09 7.467467e+06
2.160000e-09 7.467383e+06
2.170000e-09 7.467297e+06
2.180000e-09 7.467210e+06
2.190000e-09 7.467121e+06
2.200000e-09 7.467032e+06
2.210000e-09 7.466940e+06
2.220000e-09 7.466848e+06
2.230000e-09 7.466753e+06
2.240000e-09 7.466658e+06
2.250000e-09 7.466561e+06
2.260000e-09 7.466462e+06
2.270000e-09 7.466362e+06
2.280000e-09 7.466260e+06
2.290000e-09 7.466156e+06
2.300000e-09 7.466051e+06
2.310000e-09 7.465945e+06
2.320000e-09 7.465836e+06
2.330000e-09 7.465726e+06
2.340000e-09 7.465615e+06
2.350000e-09 7.465501e+06
2.360000e-09 7.465386e+06
2.370000e-09 7.465269e+06
2.380000e-09 7.465150e+06
2.390000e-09 7.465029e+06
2.400000e-09 7.464907e+06
2.410000e-09 7.464782e+06
2.420000e-09 7.464656e+06
2.430000e-09 7.464528e+06
2.440000e-09 7.464398e+06
2.450000e-09 7.464265e+06
2.460000e-09 7.464131e+06
2.470000e-09 7.463995e+06
2.480000e-09 7.463856e+06
2.490000e-09 7.463715e+06
2.500000e-09 7.463573e+06
2.510000e-09 7.463428e+06
2.520000e-09 7.463281e+06
2.530000e-09 7.463131e+06
2.540000e-09 7.462980e+06
2.550000e-09 7.462826e+06
2.560000e-09 7.462669e+06
2.570000e-09 7.462510e+06
2.580000e-09 7.462349e+06
2.590000e-09 7.462186e+06
2.600000e-09 7.462020e+06
2.610000e-09 7.461851e+06
2.620000e-09 7.461680e+06
2.630000e-09 7.461506e+06
2.640000e-09 7.461329e+06
2.650000e-09 7.461150e+06
2.660000e-09 7.460968e+06
2.670000e-09 7.460784e+06
2.680000e-09 7.460597e+06
2.690000e-09 7.460406e+06
2.700000e-09 7.460213e+06
2.710000e-09 7.460017e+06
2.720000e-09 7.459818e+06
2.730000e-09 7.459616e+06
2.740000e-09 7.459411e+06
2.750000e-09 7.459203e+06
2.760000e-09 7.458992e+06
2.770000e-09 7.458778e+06
2.780000e-09 7.458560e+06
2.790000e-09 7.458339e+06
2.800000e-09 7.458115e+06
2.810000e-09 7.457887e+06
2.820000e-09 7.457656e+06
2.830000e-09 7.457422e+06
2.840000e-09 7.457184e+06
2.850000e-09 7.456942e+06
2.860000e-09 7.456697e+06
2.870000e-09 7.456448e+06
2.880000e-09 7.456195e+06
2.890000e-09 7.455939e+06
2.900000e-09 7.455679e+06
2.910000e-09 7.455414e+06
2.920000e-09 7.455146e+06
2.930000e-09 7.454874e+06
2.940000e-09 7.454598e+06
2.950000e-09 7.454318e+06
2.960000e-09 7.454033e+06
2.970000e-09 7.453745e+06
2.980000e-09 7.453452e+06
2.990000e-09 7.453154e+06
3.000000e-09 7.452853e+06
3.010000e-09 7.452546e+06
3.020000e-09 7.452235e+06
3.030000e-09 7.451920e+06
3.040000e-09 7.451600e+06
3.050000e-09 7.451275e+06
3.060000e-09 7.450945e+06
3.070000e-09 7.450611e+06
3.080000e-09 7.450271e+06
3.090000e-09 7.449926e+06
3.100000e-09 7.449576e+06
3.110000e-09 7.449221e+06
3.120000e-09 7.448861e+06
3.130000e-09 7.448496e+06
3.140000e-09 7.448125e+06
3.150000e-09 7.447748e+06
3.160000e-09 7.447366e+06
3.170000e-09 7.446978e+06
3.180000e-09 7.446585e+06
3.190000e-09 7.446185e+06
3.200000e-09 7.445780e+06
3.210000e-09 7.445369e+06
3.220000e-09 7.444952e+06
3.230000e-09 7.444528e+06
3.240000e-09 7.444099e+06
3.250000e-09 7.443662e+06
3.260000e-09 7.443220e+06
3.270000e-09 7.442771e+06
3.280000e-09 7.442315e+06
3.290000e-09 7.441853e+06
3.300000e-09 7.441384e+06
3.310000e-09 7.440907e+06
3.320000e-09 7.440424e+06
3.330000e-09 7.439934e+06
3.340000e-09 7.439436e+06
3.350000e-09 7.438931e+06
3.360000e-09 7.438419e+06
3.370000e-09 7.437899e+06
3.380000e-09 7.437372e+06
3.390000e-09 7.436836e+06
3.400000e-09 7.436293e+06
3.410000e-09 7.435742e+06
3.420000e-09 7.435183e+06
3.430000e-09 7.434615e+06
3.440000e-09 7.434040e+06
3.450000e-09 7.433455e+06
3.460000e-09 7.432862e+06
3.470000e-09 7.432261e+06
3.480000e-09 7.431650e+06
3.490000e-09 7.431031e+06
3.500000e-09 7.430402e+06
3.510000e-09 7.429764e+06
3.520000e-09 7.429117e+06
3.530000e-09 7.428461e+06
3.540000e-09 7.427794e+06
3.550000e-09 7.427118e+06
3.560000e-09 7.426432e+06
3.570000e-09 7.425736e+06
3.580000e-09 7.425030e+06
3.590000e-09 7.424313e+06
3.600000e-09 7.423586e+06
3.610000e-09 7.422848e+06
3.620000e-09 7.422100e+06
3.630000e-09 7.421340e+06
3.640000e-09 7.420569e+06
3.650000e-09 7.419787e+06
3.660000e-09 7.418994e+06
3.670000e-09 7.418189e+06
3.680000e-09 7.417372e+06
3.690000e-09 7.416543e+06
3.700000e-09 7.415702e+06
3.710000e-09 7.414849e+06
3.720000e-09 7.413983e+06
3.730000e-09 7.413104e+06
3.740000e-09 7.412213e+06
3.750000e-09 7.411309e+06
3.760000e-09 7.410391e+06
3.770000e-09 7.409460e+06
3.780000e-09 7.408515e+06
3.790000e-09 7.407557e+06
3.800000e-09 7.406584e+06
3.810000e-09 7.405598e+06
3.820000e-09 7.404597e+06
3.830000e-09 7.403581e+06
3.840000e-09 7.402550e+06
3.850000e-09 7.401505e+06
3.860000e-09 7.400444e+06
3.870000e-09 7.399367e+06
3.880000e-09 7.398275e+06
3.890000e-09 7.397167e+06
3.900000e-09 7.396042e+06
3.910000e-09 7.394902e+06
3.920000e-09 7.393744e+06
3.930000e-09 7.392570e+06
3.940000e-09 7.391378e+06
3.950000e-09 7.390169e+06
3.960000e-09 7.388943e+06
3.970000e-09 7.387699e+06
3.980000e-09 7.386436e+06
3.990000e-09 7.385155e+06
4.000000e-09 7.383855e+06
4.010000e-09 7.382537e+06
4.020000e-09 7.381199e+06
4.030000e-09 7.379841e+06
4.040000e-09 7.378464e+06
4.050000e-09 7.377067e+06
4.060000e-09 7.375649e+06
4.070000e-09 7.374211e+06
4.080000e-09 7.372751e+06
4.090000e-09 7.371271e+06
4.100000e-09 7.369768e+06
4.110000e-09 7.368244e+06
4.120000e-09 7.366698e+06
4.130000e-09 7.365129e+06
4.140000e-09 7.363537e+06
4.150000e-09 7.361922e+06
4.160000e-09 7.360284e+06
4.170000e-09 7.358621e+06
4.180000e-09 7.356935e+06
4.190000e-09 7.355224e+06
4.200000e-09 7.353488e+06
4.210000e-09 7.351726e+06
4.220000e-09 7.349939e+06
4.230000e-09 7.348126e+06
4.240000e-09 7.346286e+06
4.250000e-09 7.344420e+06
4.260000e-09 7.342527e+06
4.270000e-09 7.340606e+06
4.280000e-09 7.338657e+06
4.290000e-09 7.336679e+06
4.300000e-09 7.334673e+06
4.310000e-09 7.332638e+06
4.320000e-09 7.330573e+06
4.330000e-09 7.328478e+06
4.340000e-09 7.326352e+06
4.350000e-09 7.324196e+06
4.360000e-09 7.322008e+06
4.370000e-09 7.319788e+06
4.380000e-09 7.317536e+06
4.390000e-09 7.315251e+06
4.400000e-09 7.312933e+06
4.410000e-09 7.310581e+06
4.420000e-09 7.308195e+06
4.430000e-09 7.305774e+06
4.440000e-09 7.303318e+06
4.450000e-09 7.300827e+06
4.460000e-09 7.298299e+06
4.470000e-09 7.295734e+06
4.480000e-09 7.293132e+06
4.490000e-09 7.290492e+06
4.500000e-09 7.287814e+06
4.510000e-09 7.285097e+06
4.520000e-09 7.282340e+06
4.530000e-09 7.279543e+06
4.540000e-09 7.276705e+06
4.550000e-09 7.273827e+06
4.560000e-09 7.270906e+06
4.570000e-09 7.267943e+06
4.580000e-09 7.264937e+06
4.590000e-09 7.261887e+06
4.600000e-09 7.258793e+06
4.610000e-09 7.255653e+06
4.620000e-09 7.252469e+06
4.630000e-09 7.249237e+06
4.640000e-09 7.245959e+06
4.650000e-09 7.242634e+06
4.660000e-09 7.239259e+06
4.670000e-09 7.235836e+06
4.680000e-09 7.232363e+06
4.690000e-09 7.228840e+06
4.700000e-09 7.225265e+06
4.710000e-09 7.221639e+06
4.720000e-09 7.217960e+06
4.730000e-09 7.214227e+06
4.740000e-09 7.210440e+06
4.750000e-09 7.206598e+06
4.760000e-09 7.202700e+06
4.770000e-09 7.198746e+06
4.780000e-09 7.194734e+06
4.790000e-09 7.190664e+06
4.800000e-09 7.186534e+06
4.810000e-09 7.182345e+06
4.820000e-09 7.178095e+06
4.830000e-09 7.173783e+06
4.840000e-09 7.169408e+06
4.850000e-09 7.164970e+06
4.860000e-09 7.160468e+06
4.870000e-09 7.155900e+06
4.880000e-09 7.151265e+06
4.890000e-09 7.146564e+06
4.900000e-09 7.141794e+06
4.910000e-09 7.136955e+06
4.920000e-09 7.132045e+06
4.930000e-09 7.127064e+06
4.940000e-09 7.122011e+06
4.950000e-09 7.116885e+06
4.960000e-09 7.111684e+06
4.970000e-09 7.106407e+06
4.980000e-09 7.101054e+06
4.990000e-09 7.095623e+06
5.000000e-09 6.621841e+06
5.010000e-09 6.616641e+06
5.020000e-09 6.611387e+06
5.030000e-09 6.606078e+06
5.040000e-09 6.600714e+06
5.050000e-09 6.595295e+06
5.060000e-09 6.589821e+06
5.070000e-09 6.584291e+06
5.080000e-09 6.578706e+06
5.090000e-09 6.573066e+06
5.100000e-09 6.567369e+06
5.110000e-09 6.561616e+06
5.120000e-09 6.555807e+06
5.130000e-09 6.549941e+06
5.140000e-09 6.544018e+06
5.150000e-09 6.538039e+06
5.160000e-09 6.532002e+06
5.170000e-09 6.525908e+06
5.180000e-09 6.519757e+06
5.190000e-09 6.513548e+06
5.200000e-09 6.507281e+06
5.210000e-09 6.500956e+06
5.220000e-09 6.494573e+06
5.230000e-09 6.488132e+06
5.240000e-09 6.481632e+06
5.250000e-09 6.475073e+06
5.260000e-09 6.468456e+06
5.270000e-09 6.461779e+06
5.280000e-09 6.455044e+06
5.290000e-09 6.448249e+06
5.300000e-09 6.441395e+06
5.310000e-09 6.434481e+06
5.320000e-09 6.427507e+06
5.330000e-09 6.420473e+06
5.340000e-09 6.413379e+06
5.350000e-09 6.406225e+06
5.360000e-09 6.399011e+06
5.370000e-09 6.391736e+06
5.380000e-09 6.384400e+06
5.390000e-09 6.377004e+06
5.400000e-09 6.369546e+06
5.410000e-09 6.362028e+06
5.420000e-09 6.354448e+06
5.430000e-09 6.346807e+06
5.440000e-09 6.339104e+06
5.450000e-09 6.331339e+06
5.460000e-09 6.323513e+06
5.470000e-09 6.315625e+06
5.480000e-09 6.307675e+06
5.490000e-09 6.299663e+06
5.500000e-09 6.291589e+06
5.510000e-09 6.283452e+06
5.520000e-09 6.275252e+06
5.530000e-09 6.266990e+06
5.540000e-09 6.258665e+06
5.550000e-09 6.250278e+06
5.560000e-09 6.241827e+06
5.570000e-09 6.233314e+06
5.580000e-09 6.224737e+06
5.590000e-09 6.216097e+06
5.600000e-09 6.207393e+06
5.610000e-09 6.198626e+06
5.620000e-09 6.189795e+06
5.630000e-09 6.180901e+06
5.640000e-09 6.171943e+06
5.650000e-09 6.162921e+06
5.660000e-09 6.153835e+06
5.670000e-09 6.144685e+06
5.680000e-09 6.135471e+06
5.690000e-09 6.126193e+06
5.700000e-09 6.116850e+06
5.710000e-09 6.107443e+06
5.720000e-09 6.097971e+06
5.730000e-09 6.088435e+06
5.740000e-09 6.078834e+06
5.750000e-09 6.069169e+06
5.760000e-09 6.059438e+06
5.770000e-09 6.049643e+06
5.780000e-09 6.039783e+06
5.790000e-09 6.029858e+06
5.800000e-09 6.019868e+06
5.810000e-09 6.009813e+06
5.820000e-09 5.999692e+06
5.830000e-09 5.989507e+06
5.840000e-09 5.979256e+06
5.850000e-09 5.968939e+06
5.860000e-09 5.958557e+06
5.870000e-09 5.948110e+06
5.880000e-09 5.937597e+06
5.890000e-09 5.927019e+06
5.900000e-09 5.916375e+06
5.910000e-09 5.905666e+06
5.920000e-09 5.894891e+06
5.930000e-09 5.884050e+06
5.940000e-09 5.873143e+06
5.950000e-09 5.862170e+06
5.960000e-09 5.851132e+06
5.970000e-09 5.840028e+06
5.980000e-09 5.828858e+06
5.990000e-09 5.817621e+06
6.000000e-09 5.806319e+06
6.010000e-09 5.794951e+06
6.020000e-09 5.783517e+06
6.030000e-09 5.772017e+06
6.040000e-09 5.760451e+06
6.050000e-09 5.748819e+06
6.060000e-09 5.737121e+06
6.070000e-09 5.725357e+06
6.080000e-09 5.713526e+06
6.090000e-09 5.701630e+06
6.100000e-09 5.689667e+06
6.110000e-09 5.677639e+06
6.120000e-09 5.665544e+06
6.130000e-09 5.653383e+06
6.140000e-09 5.641156e+06
6.150000e-09 5.628863e+06
6.160000e-09 5.616504e+06
6.170000e-09 5.604078e+06
6.180000e-09 5.591587e+06
6.190000e-09 5.579030e+06
6.200000e-09 5.566406e+06
6.210000e-09 5.553716e+06
6.220000e-09 5.540961e+06
6.230000e-09 5.528139e+06
6.240000e-09 5.515252e+06
6.250000e-09 5.502298e+06
6.260000e-09 5.489278e+06
6.270000e-09 5.476193e+06
6.280000e-09 5.463042e+06
6.290000e-09 5.449825e+06
6.300000e-09 5.436542e+06
6.310000e-09 5.423193e+06
6.320000e-09 5.409778e+06
6.330000e-09 5.396298e+06
6.340000e-09 5.382752e+06
6.350000e-09 5.369141e+06
6.360000e-09 5.355463e+06
6.370000e-09 5.341721e+06
6.380000e-09 5.327913e+06
6.390000e-09 5.314039e+06
6.400000e-09 5.300100e+06
6.410000e-09 5.286096e+06
6.420000e-09 5.272026e+06
6.430000e-09 5.257892e+06
6.440000e-09 5.243692e+06
6.450000e-09 5.229427e+06
6.460000e-09 5.215097e+06
6.470000e-09 5.200702e+06
6.480000e-09 5.186242e+06
6.490000e-09 5.171717e+06
6.500000e-09 5.157127e+06
6.510000e-09 5.142473e+06
6.520000e-09 5.127755e+06
6.530000e-09 5.112971e+06
6.540000e-09 5.098124e+06
6.550000e-09 5.083212e+06
6.560000e-09 5.068235e+06
6.570000e-09 5.053195e+06
6.580000e-09 5.038090e+06
6.590000e-09 5.022921e+06
6.600000e-09 5.007689e+06
6.610000e-09 4.992392e+06
6.620000e-09 4.977032e+06
6.630000e-09 4.961608e+06
6.640000e-09 4.946121e+06
6.650000e-09 4.930570e+06
6.660000e-09 4.914956e+06
6.670000e-09 4.899279e+06
6.680000e-09 4.883538e+06
6.690000e-09 4.867735e+06
6.700000e-09 4.851868e+06
6.710000e-09 4.835939e+06
6.720000e-09 4.819947e+06
6.730000e-09 4.803892e+06
6.740000e-09 4.787775e+06
6.750000e-09 4.771596e+06
6.760000e-09 4.755355e+06
6.770000e-09 4.739051e+06
6.780000e-09 4.722686e+06
6.790000e-09 4.706258e+06
6.800000e-09 4.689769e+06
6.810000e-09 4.673218e+06
6.820000e-09 4.656606e+06
6.830000e-09 4.639933e+06
6.840000e-09 4.623198e+06
6.850000e-09 4.606403e+06
6.860000e-09 4.589546e+06
6.870000e-09 4.572629e+06
6.880000e-09 4.555651e+06
6.890000e-09 4.538613e+06
6.900000e-09 4.521514e+06
6.910000e-09 4.504355e+06
6.920000e-09 4.487136e+06
6.930000e-09 4.469857e+06
6.940000e-09 4.452519e+06
6.950000e-09 4.435121e+06
6.960000e-09 4.417663e+06
6.970000e-09 4.400147e+06
6.980000e-09 4.382571e+06
6.990000e-09 4.364936e+06
7.000000e-09 4.347243e+06
7.010000e-09 4.329491e+06
7.020000e-09 4.311680e+06
7.030000e-09 4.293812e+06
7.040000e-09 4.275885e+06
7.050000e-09 4.257900e+06
7.060000e-09 4.239858e+06
7.070000e-09 4.221758e+06
7.080000e-09 4.203601e+06
7.090000e-09 4.185386e+06
7.100000e-09 4.167114e+06
7.110000e-09 4.148786e+06
7.120000e-09 4.130401e+06
7.130000e-09 4.111960e+06
7.140000e-09 4.093462e+06
7.150000e-09 4.074908e+06
7.160000e-09 4.056298e+06
7.170000e-09 4.037633e+06
7.180000e-09 4.018912e+06
7.190000e-09 4.000136e+06
7.200000e-09 3.981304e+06
7.210000e-09 3.962418e+06
7.220000e-09 3.943477e+06
7.230000e-09 3.924482e+06
7.240000e-09 3.905432e+06
7.250000e-09 3.886328e+06
7.260000e-09 3.867171e+06
7.270000e-09 3.847959e+06
7.280000e-09 3.828695e+06
7.290000e-09 3.809377e+06
7.300000e-09 3.790005e+06
7.310000e-09 3.770582e+06
7.320000e-09 3.751105e+06
7.330000e-09 3.731576e+06
7.340000e-09 3.711995e+06
7.350000e-09 3.692362e+06
7.360000e-09 3.672678e+06
7.370000e-09 3.652942e+06
7.380000e-09 3.633154e+06
7.390000e-09 3.613316e+06
7.400000e-09 3.593427e+06
7.410000e-09 3.573487e+06
7.420000e-09 3.553497e+06
7.430000e-09 3.533457e+06
7.440000e-09 3.513367e+06
7.450000e-09 3.493227e+06
7.460000e-09 3.473038e+06
7.470000e-09 3.452800e+06
7.480000e-09 3.432513e+06
7.490000e-09 3.412177e+06
7.500000e-09 3.391793e+06
7.510000e-09 3.371361e+06
7.520000e-09 3.350881e+06
7.530000e-09 3.330353e+06
7.540000e-09 3.309778e+06
7.550000e-09 3.289155e+06
7.560000e-09 3.268486e+06
7.570000e-09 3.247770e+06
7.580000e-09 3.227007e+06
7.590000e-09 3.206199e+06
7.600000e-09 3.185344e+06
7.610000e-09 3.164444e+06
7.620000e-09 3.143499e+06
7.630000e-09 3.122508e+06
7.640000e-09 3.101473e+06
7.650000e-09 3.080393e+06
7.660000e-09 3.059269e+06
7.670000e-09 3.038101e+06
7.680000e-09 3.016889e+06
7.690000e-09 2.995634e+06
7.700000e-09 2.974335e+06
7.710000e-09 2.952993e+06
7.720000e-09 2.931609e+06
7.730000e-09 2.910182e+06
7.740000e-09 2.888714e+06
7.750000e-09 2.867203e+06
7.760000e-09 2.845651e+06
7.770000e-09 2.824057e+06
7.780000e-09 2.802423e+06
7.790000e-09 2.780748e+06
7.800000e-09 2.759032e+06
7.810000e-09 2.737277e+06
7.820000e-09 2.715481e+06
7.830000e-09 2.693646e+06
7.840000e-09 2.671772e+06
7.850000e-09 2.649858e+06
7.860000e-09 2.627906e+06
7.870000e-09 2.605916e+06
7.880000e-09 2.583887e+06
7.890000e-09 2.561821e+06
7.900000e-09 2.539717e+06
7.910000e-09 2.517576e+06
7.920000e-09 2.495398e+06
7.930000e-09 2.473184e+06
7.940000e-09 2.450933e+06
7.950000e-09 2.428646e+06
7.960000e-09 2.406324e+06
7.970000e-09 2.383966e+06
7.980000e-09 2.361573e+06
7.990000e-09 2.339145e+06
8.000000e-09 2.316683e+06
8.010000e-09 2.294186e+06
8.020000e-09 2.271656e+06
8.030000e-09 2.249092e+06
8.040000e-09 2.226495e+06
8.050000e-09 2.203865e+06
8.060000e-09 2.181202e+06
8.070000e-09 2.158507e+06
8.080000e-09 2.135780e+06
8.090000e-09 2.113022e+06
8.100000e-09 2.090232e+06
8.110000e-09 2.067411e+06
8.120000e-09 2.044559e+06
8.130000e-09 2.021677e+06
8.140000e-09 1.998765e+06
8.150000e-09 1.975823e+06
8.160000e-09 1.952851e+06
8.170000e-09 1.929851e+06
8.180000e-09 1.906822e+06
8.190000e-09 1.883764e+06
8.200000e-09 1.860678e+06
8.210000e-09 1.837565e+06
8.220000e-09 1.814424e+06
8.230000e-09 1.791255e+06
8.240000e-09 1.768060e+06
8.250000e-09 1.744839e+06
8.260000e-09 1.721591e+06
8.270000e-09 1.698318e+06
8.280000e-09 1.675019e+06
8.290000e-09 1.651695e+06
8.300000e-09 1.628346e+06
8.310000e-09 1.604972e+06
8.320000e-09 1.581575e+06
8.330000e-09 1.558153e+06
8.340000e-09 1.534708e+06
8.350000e-09 1.511240e+06
8.360000e-09 1.487750e+06
8.370000e-09 1.464236e+06
8.380000e-09 1.440701e+06
8.390000e-09 1.417144e+06
8.400000e-09 1.393565e+06
8.410000e-09 1.369966e+06
8.420000e-09 1.346345e+06
8.430000e-09 1.322704e+06
8.440000e-09 1.299043e+06
8.450000e-09 1.275363e+06
8.460000e-09 1.251662e+06
8.470000e-09 1.227943e+06
8.480000e-09 1.204206e+06
8.490000e-09 1.180449e+06
8.500000e-09 1.156675e+06
8.510000e-09 1.132884e+06
8.520000e-09 1.109075e+06
8.530000e-09 1.085249e+06
8.540000e-09 1.061406e+06
8.550000e-09 1.037547e+06
8.560000e-09 1.013672e+06
8.570000e-09 9.897819e+05
8.580000e-09 9.658764e+05
8.590000e-09 9.419560e+05
8.600000e-09 9.180211e+05
8.610000e-09 8.940721e+05
8.620000e-09 8.701093e+05
8.630000e-09 8.461330e+05
8.640000e-09 8.221437e+05
8.650000e-09 7.981416e+05
8.660000e-09 7.741271e+05
8.670000e-09 7.501007e+05
8.680000e-09 7.260625e+05
8.690000e-09 7.020131e+05
8.700000e-09 6.779527e+05
8.710000e-09 6.538816e+05
8.720000e-09 6.298004e+05
8.730000e-09 6.057092e+05
8.740000e-09 5.816086e+05
8.750000e-09 5.574987e+05
8.760000e-09 5.333801e+05
8.770000e-09 5.092529e+05
8.780000e-09 4.851177e+05
8.790000e-09 4.609747e+05
8.800000e-09 4.368244e+05
8.810000e-09 4.126670e+05
8.820000e-09 3.885030e+05
8.830000e-09 3.643326e+05
8.840000e-09 3.401563e+05
8.850000e-09 3.159745e+05
8.860000e-09 2.917874e+05
8.870000e-09 2.675954e+05
8.880000e-09 2.433989e+05
8.890000e-09 2.191983e+05
8.900000e-09 1.949939e+05
8.910000e-09 1.707860e+05
8.920000e-09 1.465751e+05
8.930000e-09 1.223615e+05
8.940000e-09 9.814553e+04
8.950000e-09 7.392758e+04
8.960000e-09 4.970801e+04
8.970000e-09 2.548718e+04
8.980000e-09 1.265442e+03
8.990000e-09 -2.295684e+04
9.000000e-09 -4.717929e+04
9.010000e-09 -7.140157e+04
9.020000e-09 -9.562331e+04
9.030000e-09 -1.198441e+05
9.040000e-09 -1.440637e+05
9.050000e-09 -1.682817e+05
9.060000e-09 -1.924976e+05
9.070000e-09 -2.167112e+05
9.080000e-09 -2.409221e+05
9.090000e-09 -2.651300e+05
9.100000e-09 -2.893344e+05
9.110000e-09 -3.135350e+05
9.120000e-09 -3.377315e+05
9.130000e-09 -3.619235e+05
9.140000e-09 -3.861106e+05
9.150000e-09 -4.102925e+05
9.160000e-09 -4.344688e+05
9.170000e-09 -4.586391e+05
9.180000e-09 -4.828031e+05
9.190000e-09 -5.069605e+05
9.200000e-09 -5.311109e+05
9.210000e-09 -5.552538e+05
9.220000e-09 -5.793891e+05
9.230000e-09 -6.035162e+05
9.240000e-09 -6.276348e+05
9.250000e-09 -6.517447e+05
9.260000e-09 -6.758454e+05
9.270000e-09 -6.999365e+05
9.280000e-09 -7.240178e+05
9.290000e-09 -7.480888e+05
9.300000e-09 -7.721492e+05
9.310000e-09 -7.961987e+05
9.320000e-09 -8.202368e+05
9.330000e-09 -8.442633e+05
9.340000e-09 -8.682777e+05
9.350000e-09 -8.922798e+05
9.360000e-09 -9.162691e+05
9.370000e-09 -9.402454e+05
9.380000e-09 -9.642082e+05
9.390000e-09 -9.881572e+05
9.400000e-09 -1.012092e+06
9.410000e-09 -1.036012e+06
9.420000e-09 -1.059918e+06
9.430000e-09 -1.083808e+06
9.440000e-09 -1.107683e+06
9.450000e-09 -1.131542e+06
9.460000e-09 -1.155385e+06
9.470000e-09 -1.179211e+06
9.480000e-09 -1.203020e+06
9.490000e-09 -1.226811e+06
9.500000e-09 -1.250586e+06
9.510000e-09 -1.274342e+06
9.520000e-09 -1.298080e+06
9.530000e-09 -1.321799e+06
9.540000e-09 -1.345499e+06
9.550000e-09 -1.369179e+06
9.560000e-09 -1.392840e+06
9.570000e-09 -1.416481e+06
9.580000e-09 -1.440102e+06
9.590000e-09 -1.463701e+06
9.600000e-09 -1.487280e+06
9.610000e-09 -1.510837e+06
9.620000e-09 -1.534373e+06
9.630000e-09 -1.557886e+06
9.640000e-09 -1.581377e+06
9.650000e-09 -1.604845e+06
9.660000e-09 -1.628289e+06
9.670000e-09 -1.651711e+06
9.680000e-09 -1.675108e+06
9.690000e-09 -1.698482e+06
9.700000e-09 -1.721831e+06
9.710000e-09 -1.745155e+06
9.720000e-09 -1.768454e+06
9.730000e-09 -1.791727e+06
9.740000e-09 -1.814975e+06
9.750000e-09 -1.838197e+06
9.760000e-09 -1.861392e+06
9.770000e-09 -1.884560e+06
9.780000e-09 -1.907701e+06
9.790000e-09 -1.930814e+06
9.800000e-09 -1.953900e+06
9.810000e-09 -1.976958e+06
9.820000e-09 -1.999987e+06
9.830000e-09 -2.022988e+06
9.840000e-09 -2.045959e+06
9.850000e-09 -2.068901e+06
9.860000e-09 -2.091813e+06
9.870000e-09 -2.114695e+06
9.880000e-09 -2.137547e+06
9.890000e-09 -2.160368e+06
9.900000e-09 -2.183158e+06
9.910000e-09 -2.205916e+06
9.920000e-09 -2.228643e+06
9.930000e-09 -2.251338e+06
9.940000e-09 -2.274001e+06
9.950000e-09 -2.296631e+06
9.960000e-09 -2.319228e+06
9.970000e-09 -2.341792e+06
9.980000e-09 -2.364322e+06
9.990000e-09 -2.386819e+06
1.000000e-08 -2.409281e+06
1.001000e-08 -2.431709e+06
1.002000e-08 -2.454102e+06
1.003000e-08 -2.476460e+06
1.004000e-08 -2.498782e+06
1.005000e-08 -2.521069e+06
1.006000e-08 -2.543320e+06
1.007000e-08 -2.565535e+06
1.008000e-08 -2.587713e+06
1.009000e-08 -2.609854e+06
1.010000e-08 -2.631957e+06
1.011000e-08 -2.654024e+06
1.012000e-08 -2.676052e+06
1.013000e-08 -2.698043e+06
1.014000e-08 -2.719995e+06
1.015000e-08 -2.741908e+06
1.016000e-08 -2.763782e+06
1.017000e-08 -2.785617e+06
1.018000e-08 -2.807413e+06
1.019000e-08 -2.829168e+06
1.020000e-08 -2.850884e+06
1.021000e-08 -2.872559e+06
1.022000e-08 -2.894194e+06
1.023000e-08 -2.915787e+06
1.024000e-08 -2.937339e+06
1.025000e-08 -2.958850e+06
1.026000e-08 -2.980318e+06
1.027000e-08 -3.001745e+06
1.028000e-08 -3.023129e+06
1.029000e-08 -3.044471e+06
1.030000e-08 -3.065770e+06
1.031000e-08 -3.087025e+06
1.032000e-08 -3.108237e+06
1.033000e-08 -3.129405e+06
1.034000e-08 -3.150529e+06
1.035000e-08 -3.171609e+06
1.036000e-08 -3.192645e+06
1.037000e-08 -3.213635e+06
1.038000e-08 -3.234580e+06
1.039000e-08 -3.255481e+06
1.040000e-08 -3.276335e+06
1.041000e-08 -3.297143e+06
1.042000e-08 -3.317906e+06
1.043000e-08 -3.338622e+06
1.044000e-08 -3.359291e+06
1.045000e-08 -3.379914e+06
1.046000e-08 -3.400489e+06
1.047000e-08 -3.421017e+06
1.048000e-08 -3.441497e+06
1.049000e-08 -3.461929e+06
1.050000e-08 -3.482313e+06
1.051000e-08 -3.502649e+06
1.052000e-08 -3.522936e+06
1.053000e-08 -3.543174e+06
1.054000e-08 -3.563363e+06
1.055000e-08 -3.583503e+06
1.056000e-08 -3.603593e+06
1.057000e-08 -3.623633e+06
1.058000e-08 -3.643623e+06
1.059000e-08 -3.663563e+06
1.060000e-08 -3.683452e+06
1.061000e-08 -3.703290e+06
1.062000e-08 -3.723078e+06
1.063000e-08 -3.742814e+06
1.064000e-08 -3.762499e+06
1.065000e-08 -3.782131e+06
1.066000e-08 -3.801712e+06
1.067000e-08 -3.821241e+06
1.068000e-08 -3.840718e+06
1.069000e-08 -3.860142e+06
1.070000e-08 -3.879513e+06
1.071000e-08 -3.898831e+06
1.072000e-08 -3.918095e+06
1.073000e-08 -3.937307e+06
1.074000e-08 -3.956464e+06
1.075000e-08 -3.975568e+06
1.076000e-08 -3.994618e+06
1.077000e-08 -4.013613e+06
1.078000e-08 -4.032554e+06
1.079000e-08 -4.051441e+06
1.080000e-08 -4.070272e+06
1.081000e-08 -4.089048e+06
1.082000e-08 -4.107769e+06
1.083000e-08 -4.126434e+06
1.084000e-08 -4.145044e+06
1.085000e-08 -4.163598e+06
1.086000e-08 -4.182096e+06
1.087000e-08 -4.200537e+06
1.088000e-08 -4.218922e+06
1.089000e-08 -4.237251e+06
1.090000e-08 -4.255522e+06
1.091000e-08 -4.273737e+06
1.092000e-08 -4.291894e+06
1.093000e-08 -4.309994e+06
1.094000e-08 -4.328036e+06
1.095000e-08 -4.346021e+06
1.096000e-08 -4.363948e+06
1.097000e-08 -4.381817e+06
1.098000e-08 -4.399627e+06
1.099000e-08 -4.417379e+06
1.100000e-08 -4.435072e+06
1.101000e-08 -4.452707e+06
1.102000e-08 -4.470283e+06
1.103000e-08 -4.487800e+06
1.104000e-08 -4.505257e+06
1.105000e-08 -4.522655e+06
1.106000e-08 -4.539994e+06
1.107000e-08 -4.557272e+06
1.108000e-08 -4.574491e+06
1.109000e-08 -4.591650e+06
1.110000e-08 -4.608749e+06
1.111000e-08 -4.625787e+06
1.112000e-08 -4.642765e+06
1.113000e-08 -4.659682e+06
1.114000e-08 -4.676539e+06
1.115000e-08 -4.693334e+06
1.116000e-08 -4.710069e+06
1.117000e-08 -4.726742e+06
1.118000e-08 -4.743355e+06
1.119000e-08 -4.759905e+06
1.120000e-08 -4.776394e+06
1.121000e-08 -4.792822e+06
1.122000e-08 -4.809187e+06
1.123000e-08 -4.825491e+06
1.124000e-08 -4.841732e+06
1.125000e-08 -4.857912e+06
1.126000e-08 -4.874029e+06
1.127000e-08 -4.890083e+06
1.128000e-08 -4.906075e+06
1.129000e-08 -4.922004e+06
1.130000e-08 -4.937871e+06
1.131000e-08 -4.953674e+06
1.132000e-08 -4.969415e+06
1.133000e-08 -4.985092e+06
1.134000e-08 -5.000706e+06
1.135000e-08 -5.016257e+06
1.136000e-08 -5.031744e+06
1.137000e-08 -5.047168e+06
1.138000e-08 -5.062528e+06
1.139000e-08 -5.077825e+06
1.140000e-08 -5.093057e+06
1.141000e-08 -5.108226e+06
1.142000e-08 -5.123331e+06
1.143000e-08 -5.138371e+06
1.144000e-08 -5.153348e+06
1.145000e-08 -5.168260e+06
1.146000e-08 -5.183107e+06
1.147000e-08 -5.197891e+06
1.148000e-08 -5.212609e+06
1.149000e-08 -5.227264e+06
1.150000e-08 -5.241853e+06
1.151000e-08 -5.256378e+06
1.152000e-08 -5.270838e+06
1.153000e-08 -5.285233e+06
1.154000e-08 -5.299563e+06
1.155000e-08 -5.313828e+06
1.156000e-08 -5.328028e+06
1.157000e-08 -5.342162e+06
1.158000e-08 -5.356232e+06
1.159000e-08 -5.370236e+06
1.160000e-08 -5.384175e+06
1.161000e-08 -5.398049e+06
1.162000e-08 -5.411857e+06
1.163000e-08 -5.425600e+06
1.164000e-08 -5.439277e+06
1.165000e-08 -5.452888e+06
1.166000e-08 -5.466434e+06
1.167000e-08 -5.479914e+06
1.168000e-08 -5.493329e+06
1.169000e-08 -5.506678e+06
1.170000e-08 -5.519961e+06
1.171000e-08 -5.533178e+06
1.172000e-08 -5.546329e+06
1.173000e-08 -5.559415e+06
1.174000e-08 -5.572434e+06
1.175000e-08 -5.585388e+06
1.176000e-08 -5.598275e+06
1.177000e-08 -5.611097e+06
1.178000e-08 -5.623853e+06
1.179000e-08 -5.636542e+06
1.180000e-08 -5.649166e+06
1.181000e-08 -5.661723e+06
1.182000e-08 -5.674215e+06
1.183000e-08 -5.686640e+06
1.184000e-08 -5.698999e+06
1.185000e-08 -5.711292e+06
1.186000e-08 -5.723519e+06
1.187000e-08 -5.735680e+06
1.188000e-08 -5.747775e+06
1.189000e-08 -5.759804e+06
1.190000e-08 -5.771766e+06
1.191000e-08 -5.783663e+06
1.192000e-08 -5.795493e+06
1.193000e-08 -5.807257e+06
1.194000e-08 -5.818955e+06
1.195000e-08 -5.830587e+06
1.196000e-08 -5.842154e+06
1.197000e-08 -5.853654e+06
1.198000e-08 -5.865088e+06
1.199000e-08 -5.876456e+06
1.200000e-08 -5.887758e+06
1.201000e-08 -5.898994e+06
1.202000e-08 -5.910164e+06
1.203000e-08 -5.921268e+06
1.204000e-08 -5.932306e+06
1.205000e-08 -5.943279e+06
1.206000e-08 -5.954186e+06
1.207000e-08 -5.965027e+06
1.208000e-08 -5.975802e+06
1.209000e-08 -5.986511e+06
1.210000e-08 -5.997155e+06
1.211000e-08 -6.007734e+06
1.212000e-08 -6.018246e+06
1.213000e-08 -6.028694e+06
1.214000e-08 -6.039075e+06
1.215000e-08 -6.049392e+06
1.216000e-08 -6.059643e+06
1.217000e-08 -6.069828e+06
1.218000e-08 -6.079949e+06
1.219000e-08 -6.090004e+06
1.220000e-08 -6.099994e+06
1.221000e-08 -6.109919e+06
1.222000e-08 -6.119779e+06
1.223000e-08 -6.129575e+06
1.224000e-08 -6.139305e+06
1.225000e-08 -6.148970e+06
1.226000e-08 -6.158571e+06
1.227000e-08 -6.168107e+06
1.228000e-08 -6.177579e+06
1.229000e-08 -6.186986e+06
1.230000e-08 -6.196329e+06
1.231000e-08 -6.205607e+06
1.232000e-08 -6.214821e+06
1.233000e-08 -6.223971e+06
1.234000e-08 -6.233057e+06
1.235000e-08 -6.242079e+06
1.236000e-08 -6.251037e+06
1.237000e-08 -6.259932e+06
1.238000e-08 -6.268762e+06
1.239000e-08 -6.277529e+06
1.240000e-08 -6.286233e+06
1.241000e-08 -6.294873e+06
1.242000e-08 -6.303450e+06
1.243000e-08 -6.311963e+06
1.244000e-08 -6.320414e+06
1.245000e-08 -6.328802e+06
1.246000e-08 -6.337126e+06
1.247000e-08 -6.345388e+06
1.248000e-08 -6.353588e+06
1.249000e-08 -6.361725e+06
1.250000e-08 -6.369799e+06
1.251000e-08 -6.377811e+06
1.252000e-08 -6.385761e+06
1.253000e-08 -6.393649e+06
1.254000e-08 -6.401476e+06
1.255000e-08 -6.409240e+06
1.256000e-08 -6.416943e+06
1.257000e-08 -6.424584e+06
1.258000e-08 -6.432164e+06
1.259000e-08 -6.439682e+06
1.260000e-08 -6.447140e+06
1.261000e-08 -6.454536e+06
1.262000e-08 -6.461872e+06
1.263000e-08 -6.469147e+06
1.264000e-08 -6.476361e+06
1.265000e-08 -6.483516e+06
1.266000e-08 -6.490609e+06
1.267000e-08 -6.497643e+06
1.268000e-08 -6.504617e+06
1.269000e-08 -6.511531e+06
1.270000e-08 -6.518385e+06
1.271000e-08 -6.525180e+06
1.272000e-08 -6.531916e+06
1.273000e-08 -6.538592e+06
1.274000e-08 -6.545209e+06
1.275000e-08 -6.551768e+06
1.276000e-08 -6.558268e+06
1.277000e-08 -6.564709e+06
1.278000e-08 -6.571092e+06
1.279000e-08 -6.577417e+06
1.280000e-08 -6.583684e+06
1.281000e-08 -6.589893e+06
1.282000e-08 -6.596044e+06
1.283000e-08 -6.602138e+06
1.284000e-08 -6.608175e+06
1.285000e-08 -6.614154e+06
1.286000e-08 -6.620077e+06
1.287000e-08 -6.625943e+06
1.288000e-08 -6.631752e+06
1.289000e-08 -6.637505e+06
1.290000e-08 -6.643202e+06
1.291000e-08 -6.648843e+06
1.292000e-08 -6.654428e+06
1.293000e-08 -6.659957e+06
1.294000e-08 -6.665431e+06
1.295000e-08 -6.670850e+06
1.296000e-08 -6.676214e+06
1.297000e-08 -6.681523e+06
1.298000e-08 -6.686777e+06
1.299000e-08 -6.691977e+06
1.300000e-08 -7.170719e+06
1.301000e-08 -7.176150e+06
1.302000e-08 -7.181503e+06
1.303000e-08 -7.186779e+06
1.304000e-08 -7.191980e+06
1.305000e-08 -7.197107e+06
1.306000e-08 -7.202160e+06
1.307000e-08 -7.207141e+06
1.308000e-08 -7.212050e+06
1.309000e-08 -7.216890e+06
1.310000e-08 -7.221660e+06
1.311000e-08 -7.226361e+06
1.312000e-08 -7.230996e+06
1.313000e-08 -7.235564e+06
1.314000e-08 -7.240066e+06
1.315000e-08 -7.244504e+06
1.316000e-08 -7.248879e+06
1.317000e-08 -7.253191e+06
1.318000e-08 -7.257441e+06
1.319000e-08 -7.261630e+06
1.320000e-08 -7.265760e+06
1.321000e-08 -7.269830e+06
1.322000e-08 -7.273842e+06
1.323000e-08 -7.277796e+06
1.324000e-08 -7.281694e+06
1.325000e-08 -7.285536e+06
1.326000e-08 -7.289323e+06
1.327000e-08 -7.293056e+06
1.328000e-08 -7.296735e+06
1.329000e-08 -7.300361e+06
1.330000e-08 -7.303936e+06
1.331000e-08 -7.307459e+06
1.332000e-08 -7.310932e+06
1.333000e-08 -7.314355e+06
1.334000e-08 -7.317730e+06
1.335000e-08 -7.321055e+06
1.336000e-08 -7.324333e+06
1.337000e-08 -7.327565e+06
1.338000e-08 -7.330749e+06
1.339000e-08 -7.333889e+06
1.340000e-08 -7.336983e+06
1.341000e-08 -7.340033e+06
1.342000e-08 -7.343039e+06
1.343000e-08 -7.346002e+06
1.344000e-08 -7.348923e+06
1.345000e-08 -7.351801e+06
1.346000e-08 -7.354639e+06
1.347000e-08 -7.357436e+06
1.348000e-08 -7.360193e+06
1.349000e-08 -7.362910e+06
1.350000e-08 -7.365588e+06
1.351000e-08 -7.368228e+06
1.352000e-08 -7.370830e+06
1.353000e-08 -7.373395e+06
1.354000e-08 -7.375923e+06
1.355000e-08 -7.378414e+06
1.356000e-08 -7.380870e+06
1.357000e-08 -7.383291e+06
1.358000e-08 -7.385677e+06
1.359000e-08 -7.388029e+06
1.360000e-08 -7.390347e+06
1.361000e-08 -7.392632e+06
1.362000e-08 -7.394884e+06
1.363000e-08 -7.397104e+06
1.364000e-08 -7.399291e+06
1.365000e-08 -7.401448e+06
1.366000e-08 -7.403574e+06
1.367000e-08 -7.405669e+06
1.368000e-08 -7.407734e+06
1.369000e-08 -7.409769e+06
1.370000e-08 -7.411775e+06
1.371000e-08 -7.413753e+06
1.372000e-08 -7.415702e+06
1.373000e-08 -7.417623e+06
1.374000e-08 -7.419516e+06
1.375000e-08 -7.421382e+06
1.376000e-08 -7.423222e+06
1.377000e-08 -7.425035e+06
1.378000e-08 -7.426822e+06
1.379000e-08 -7.428583e+06
1.380000e-08 -7.430320e+06
1.381000e-08 -7.432031e+06
1.382000e-08 -7.433717e+06
1.383000e-08 -7.435380e+06
1.384000e-08 -7.437018e+06
1.385000e-08 -7.438633e+06
1.386000e-08 -7.440225e+06
1.387000e-08 -7.441794e+06
1.388000e-08 -7.443340e+06
1.389000e-08 -7.444864e+06
1.390000e-08 -7.446366e+06
1.391000e-08 -7.447847e+06
1.392000e-08 -7.449306e+06
1.393000e-08 -7.450745e+06
1.394000e-08 -7.452163e+06
1.395000e-08 -7.453560e+06
1.396000e-08 -7.454937e+06
1.397000e-08 -7.456295e+06
1.398000e-08 -7.457633e+06
1.399000e-08 -7.458951e+06
1.400000e-08 -7.460251e+06
1.401000e-08 -7.461532e+06
1.402000e-08 -7.462794e+06
1.403000e-08 -7.464039e+06
1.404000e-08 -7.465265e+06
1.405000e-08 -7.466474e+06
1.406000e-08 -7.467666e+06
1.407000e-08 -7.468840e+06
1.408000e-08 -7.469998e+06
1.409000e-08 -7.471138e+06
1.410000e-08 -7.472263e+06
1.411000e-08 -7.473371e+06
1.412000e-08 -7.474463e+06
1.413000e-08 -7.475540e+06
1.414000e-08 -7.476600e+06
1.415000e-08 -7.477646e+06
1.416000e-08 -7.478677e+06
1.417000e-08 -7.479693e+06
1.418000e-08 -7.480694e+06
1.419000e-08 -7.481680e+06
1.420000e-08 -7.482653e+06
1.421000e-08 -7.483611e+06
1.422000e-08 -7.484556e+06
1.423000e-08 -7.485487e+06
1.424000e-08 -7.486405e+06
1.425000e-08 -7.487309e+06
1.426000e-08 -7.488200e+06
1.427000e-08 -7.489079e+06
1.428000e-08 -7.489945e+06
1.429000e-08 -7.490798e+06
1.430000e-08 -7.491639e+06
1.431000e-08 -7.492468e+06
1.432000e-08 -7.493285e+06
1.433000e-08 -7.494090e+06
1.434000e-08 -7.494883e+06
1.435000e-08 -7.495665e+06
1.436000e-08 -7.496436e+06
1.437000e-08 -7.497196e+06
1.438000e-08 -7.497944e+06
1.439000e-08 -7.498682e+06
1.440000e-08 -7.499409e+06
1.441000e-08 -7.500126e+06
1.442000e-08 -7.500832e+06
1.443000e-08 -7.501528e+06
1.444000e-08 -7.502214e+06
1.445000e-08 -7.502890e+06
1.446000e-08 -7.503557e+06
1.447000e-08 -7.504213e+06
1.448000e-08 -7.504860e+06
1.449000e-08 -7.505498e+06
1.450000e-08 -7.506127e+06
1.451000e-08 -7.506746e+06
1.452000e-08 -7.507357e+06
1.453000e-08 -7.507958e+06
1.454000e-08 -7.508551e+06
1.455000e-08 -7.509135e+06
1.456000e-08 -7.509711e+06
1.457000e-08 -7.510279e+06
1.458000e-08 -7.510838e+06
1.459000e-08 -7.511389e+06
1.460000e-08 -7.511932e+06
1.461000e-08 -7.512468e+06
1.462000e-08 -7.512995e+06
1.463000e-08 -7.513515e+06
1.464000e-08 -7.514027e+06
1.465000e-08 -7.514532e+06
1.466000e-08 -7.515030e+06
1.467000e-08 -7.515520e+06
1.468000e-08 -7.516003e+06
1.469000e-08 -7.516479e+06
1.470000e-08 -7.516949e+06
1.471000e-08 -7.517411e+06
1.472000e-08 -7.517867e+06
1.473000e-08 -7.518316e+06
1.474000e-08 -7.518758e+06
1.475000e-08 -7.519194e+06
1.476000e-08 -7.519624e+06
1.477000e-08 -7.520048e+06
1.478000e-08 -7.520465e+06
1.479000e-08 -7.520876e+06
1.480000e-08 -7.521281e+06
1.481000e-08 -7.521681e+06
1.482000e-08 -7.522074e+06
1.483000e-08 -7.522462e+06
1.484000e-08 -7.522844e+06
1.485000e-08 -7.523221e+06
1.486000e-08 -7.523592e+06
1.487000e-08 -7.523957e+06
1.488000e-08 -7.524317e+06
1.489000e-08 -7.524672e+06
1.490000e-08 -7.525022e+06
1.491000e-08 -7.525367e+06
1.492000e-08 -7.525706e+06
1.493000e-08 -7.526041e+06
1.494000e-08 -7.526371e+06
1.495000e-08 -7.526696e+06
1.496000e-08 -7.527016e+06
1.497000e-08 -7.527331e+06
1.498000e-08 -7.527642e+06
1.499000e-08 -7.527949e+06
1.500000e-08 -7.528250e+06
1.501000e-08 -7.528548e+06
1.502000e-08 -7.528841e+06
1.503000e-08 -7.529129e+06
1.504000e-08 -7.529414e+06
1.505000e-08 -7.529694e+06
1.506000e-08 -7.529970e+06
1.507000e-08 -7.530242e+06
1.508000e-08 -7.530510e+06
1.509000e-08 -7.530775e+06
1.510000e-08 -7.531035e+06
1.511000e-08 -7.531291e+06
1.512000e-08 -7.531544e+06
1.513000e-08 -7.531793e+06
1.514000e-08 -7.532038e+06
1.515000e-08 -7.532279e+06
1.516000e-08 -7.532517e+06
1.517000e-08 -7.532752e+06
1.518000e-08 -7.532983e+06
1.519000e-08 -7.533211e+06
1.520000e-08 -7.533435e+06
1.521000e-08 -7.533656e+06
1.522000e-08 -7.533873e+06
1.523000e-08 -7.534088e+06
1.524000e-08 -7.534299e+06
1.525000e-08 -7.534507e+06
1.526000e-08 -7.534712e+06
1.527000e-08 -7.534914e+06
1.528000e-08 -7.535113e+06
1.529000e-08 -7.535309e+06
1.530000e-08 -7.535502e+06
1.531000e-08 -7.535692e+06
1.532000e-08 -7.535880e+06
1.533000e-08 -7.536064e+06
1.534000e-08 -7.536246e+06
1.535000e-08 -7.536425e+06
1.536000e-08 -7.536602e+06
1.537000e-08 -7.536776e+06
1.538000e-08 -7.536947e+06
1.539000e-08 -7.537115e+06
1.540000e-08 -7.537282e+06
1.541000e-08 -7.537445e+06
1.542000e-08 -7.537606e+06
1.543000e-08 -7.537765e+06
1.544000e-08 -7.537921e+06
1.545000e-08 -7.538075e+06
1.546000e-08 -7.538227e+06
1.547000e-08 -7.538377e+06
1.548000e-08 -7.538524e+06
1.549000e-08 -7.538669e+06
1.550000e-08 -7.538811e+06
1.551000e-08 -7.538952e+06
1.552000e-08 -7.539090e+06
1.553000e-08 -7.539227e+06
1.554000e-08 -7.539361e+06
1.555000e-08 -7.539493e+06
1.556000e-08 -7.539624e+06
1.557000e-08 -7.539752e+06
1.558000e-08 -7.539878e+06
1.559000e-08 -7.540003e+06
1.560000e-08 -7.540125e+06
1.561000e-08 -7.540246e+06
1.562000e-08 -7.540365e+06
1.563000e-08 -7.540482e+06
1.564000e-08 -7.540597e+06
1.565000e-08 -7.540711e+06
1.566000e-08 -7.540822e+06
1.567000e-08 -7.540932e+06
1.568000e-08 -7.541041e+06
1.569000e-08 -7.541147e+06
1.570000e-08 -7.541252e+06
1.571000e-08 -7.541356e+06
1.572000e-08 -7.541458e+06
1.573000e-08 -7.541558e+06
1.574000e-08 -7.541656e+06
1.575000e-08 -7.541754e+06
1.576000e-08 -7.541849e+06
1.577000e-08 -7.541944e+06
1.578000e-08 -7.542036e+06
1.579000e-08 -7.542128e+06
1.580000e-08 -7.542217e+06
1.581000e-08 -7.542306e+06
1.582000e-08 -7.542393e+06
1.583000e-08 -7.542479e+06
1.584000e-08 -7.542563e+06
1.585000e-08 -7.542646e+06
1.586000e-08 -7.542728e+06
1.587000e-08 -7.542808e+06
1.588000e-08 -7.542888e+06
1.589000e-08 -7.542966e+06
1.590000e-08 -7.543042e+06
1.591000e-08 -7.543118e+06
1.592000e-08 -7.543192e+06
1.593000e-08 -7.543266e+06
1.594000e-08 -7.543338e+06
1.595000e-08 -7.543408e+06
1.596000e-08 -7.543478e+06
1.597000e-08 -7.543547e+06
1.598000e-08 -7.543614e+06
1.599000e-08 -7.543681e+06
1.600000e-08 -7.543746e+06
1.601000e-08 -7.543811e+06
1.602000e-08 -7.543874e+06
1.603000e-08 -7.543936e+06
1.604000e-08 -7.543998e+06
1.605000e-08 -7.544058e+06
1.606000e-08 -7.544117e+06
1.607000e-08 -7.544176e+06
1.608000e-08 -7.544233e+06
1.609000e-08 -7.544290e+06
1.610000e-08 -7.544345e+06
1.611000e-08 -7.544400e+06
1.612000e-08 -7.544454e+06
1.613000e-08 -7.544507e+06
1.614000e-08 -7.544559e+06
1.615000e-08 -7.544610e+06
1.616000e-08 -7.544660e+06
1.617000e-08 -7.544710e+06
1.618000e-08 -7.544758e+06
1.619000e-08 -7.544806e+06
1.620000e-08 -7.544854e+06
1.621000e-08 -7.544900e+06
1.622000e-08 -7.544945e+06
1.623000e-08 -7.544990e+06
1.624000e-08 -7.545034e+06
1.625000e-08 -7.545078e+06
1.626000e-08 -7.545120e+06
1.627000e-08 -7.545162e+06
1.628000e-08 -7.545203e+06
1.629000e-08 -7.545244e+06
1.630000e-08 -7.545283e+06
1.631000e-08 -7.545322e+06
1.632000e-08 -7.545361e+06
1.633000e-08 -7.545399e+06
1.634000e-08 -7.545436e+06
1.635000e-08 -7.545472e+06
1.636000e-08 -7.545508e+06
1.637000e-08 -7.545543e+06
1.638000e-08 -7.545578e+06
1.639000e-08 -7.545612e+06
1.640000e-08 -7.545645e+06
1.641000e-08 -7.545678e+06
1.642000e-08 -7.545710e+06
1.643000e-08 -7.545742e+06
1.644000e-08 -7.545773e+06
1.645000e-08 -7.545804e+06
1.646000e-08 -7.545834e+06
1.647000e-08 -7.545863e+06
1.648000e-08 -7.545892e+06
1.649000e-08 -7.545921e+06
1.650000e-08 -7.545949e+06
1.651000e-08 -7.545976e+06
1.652000e-08 -7.546003e+06
1.653000e-08 -7.546030e+06
1.654000e-08 -7.546056e+06
1.655000e-08 -7.546081e+06
1.656000e-08 -7.546106e+06
1.657000e-08 -7.546131e+06
1.658000e-08 -7.546155e+06
1.659000e-08 -7.546178e+06
1.660000e-08 -7.546202e+06
1.661000e-08 -7.546224e+06
1.662000e-08 -7.546247e+06
1.663000e-08 -7.546269e+06
1.664000e-08 -7.546290e+06
1.665000e-08 -7.546311e+06
1.666000e-08 -7.546332e+06
1.667000e-08 -7.546352e+06
1.668000e-08 -7.546372e+06
1.669000e-08 -7.546392e+06
1.670000e-08 -7.546411e+06
1.671000e-08 -7.546430e+06
1.672000e-08 -7.546448e+06
1.673000e-08 -7.546466e+06
1.674000e-08 -7.546484e+06
1.675000e-08 -7.546501e+06
1.676000e-08 -7.546518e+06
1.677000e-08 -7.546535e+06
1.678000e-08 -7.546551e+06
1.679000e-08 -7.546567e+06
1.680000e-08 -7.546583e+06
1.681000e-08 -7.546598e+06
1.682000e-08 -7.546613e+06
1.683000e-08 -7.546628e+06
1.684000e-08 -7.546642e+06
1.685000e-08 -7.546657e+06
1.686000e-08 -7.546670e+06
1.687000e-08 -7.546684e+06
1.688000e-08 -7.546697e+06
1.689000e-08 -7.546710e+06
1.690000e-08 -7.546723e+06
1.691000e-08 -7.546735e+06
1.692000e-08 -7.546747e+06
1.693000e-08 -7.546759e+06
1.694000e-08 -7.546771e+06
1.695000e-08 -7.546782e+06
1.696000e-08 -7.546793e+06
1.697000e-08 -7.546804e+06
1.698000e-08 -7.546814e+06
1.699000e-08 -7.546825e+06
1.700000e-08 -7.509287e+06
1.701000e-08 -7.434201e+06
1.702000e-08 -7.359114e+06
1.703000e-08 -7.284028e+06
1.704000e-08 -7.208941e+06
1.705000e-08 -7.133854e+06
1.706000e-08 -7.058767e+06
1.707000e-08 -6.983679e+06
1.708000e-08 -6.908592e+06
1.709000e-08 -6.833504e+06
1.710000e-08 -6.758416e+06
1.711000e-08 -6.683328e+06
1.712000e-08 -6.608239e+06
1.713000e-08 -6.533151e+06
1.714000e-08 -6.458062e+06
1.715000e-08 -6.382973e+06
1.716000e-08 -6.307884e+06
1.717000e-08 -6.232794e+06
1.718000e-08 -6.157705e+06
1.719000e-08 -6.082615e+06
1.720000e-08 -6.007525e+06
1.721000e-08 -5.932435e+06
1.722000e-08 -5.857345e+06
1.723000e-08 -5.782255e+06
1.724000e-08 -5.707164e+06
1.725000e-08 -5.632073e+06
1.726000e-08 -5.556982e+06
1.727000e-08 -5.481891e+06
1.728000e-08 -5.406800e+06
1.729000e-08 -5.331709e+06
1.730000e-08 -5.256618e+06
1.731000e-08 -5.181526e+06
1.732000e-08 -5.106434e+06
1.733000e-08 -5.031342e+06
1.734000e-08 -4.956251e+06
1.735000e-08 -4.881158e+06
1.736000e-08 -4.806066e+06
1.737000e-08 -4.730974e+06
1.738000e-08 -4.655881e+06
1.739000e-08 -4.580789e+06
1.740000e-08 -4.505696e+06
1.741000e-08 -4.430603e+06
1.742000e-08 -4.355510e+06
1.743000e-08 -4.280417e+06
1.744000e-08 -4.205324e+06
1.745000e-08 -4.130231e+06
1.746000e-08 -4.055137e+06
1.747000e-08 -3.980044e+06
1.748000e-08 -3.904950e+06
1.749000e-08 -3.829857e+06
1.750000e-08 -3.754763e+06
1.751000e-08 -3.679669e+06
1.752000e-08 -3.604575e+06
1.753000e-08 -3.529481e+06
1.754000e-08 -3.454387e+06
1.755000e-08 -3.379293e+06
1.756000e-08 -3.304199e+06
1.757000e-08 -3.229104e+06
1.758000e-08 -3.154010e+06
1.759000e-08 -3.078915e+06
1.760000e-08 -3.003821e+06
1.761000e-08 -2.928726e+06
1.762000e-08 -2.853631e+06
1.763000e-08 -2.778537e+06
1.764000e-08 -2.703442e+06
1.765000e-08 -2.628347e+06
1.766000e-08 -2.553252e+06
1.767000e-08 -2.478157e+06
1.768000e-08 -2.403062e+06
1.769000e-08 -2.327967e+06
1.770000e-08 -2.252872e+06
1.771000e-08 -2.177776e+06
1.772000e-08 -2.102681e+06
1.773000e-08 -2.027586e+06
1.774000e-08 -1.952490e+06
1.775000e-08 -1.877395e+06
1.776000e-08 -1.802299e+06
1.777000e-08 -1.727204e+06
1.778000e-08 -1.652108e+06
1.779000e-08 -1.577013e+06
1.780000e-08 -1.501917e+06
1.781000e-08 -1.426821e+06
1.782000e-08 -1.351726e+06
1.783000e-08 -1.276630e+06
1.784000e-08 -1.201534e+06
1.785000e-08 -1.126439e+06
1.786000e-08 -1.051343e+06
1.787000e-08 -9.762469e+05
1.788000e-08 -9.011511e+05
1.789000e-08 -8.260552e+05
1.790000e-08 -7.509593e+05
1.791000e-08 -6.758634e+05
1.792000e-08 -6.007675e+05
1.793000e-08 -5.256716e+05
1.794000e-08 -4.505757e+05
1.795000e-08 -3.754797e+05
1.796000e-08 -3.003838e+05
1.797000e-08 -2.252879e+05
1.798000e-08 -1.501919e+05
1.799000e-08 -7.509595e+04
