0.000000e+00 1.893198e-19
1.000000e-11 1.893198e-19
2.000000e-11 1.893198e-19
3.000000e-11 1.893198e-19
4.000000e-11 1.893198e-19
5.000000e-11 1.893198e-19
6.000000e-11 1.893198e-19
7.000000e-11 1.893198e-19
8.000000e-11 1.893198e-19
9.000000e-11 1.893198e-19
1.000000e-10 1.893198e-19
1.100000e-10 1.893198e-19
1.200000e-10 1.893198e-19
1.300000e-10 1.893198e-19
1.400000e-10 1.893198e-19
1.500000e-10 1.893198e-19
1.600000e-10 1.893198e-19
1.700000e-10 1.893198e-19
1.800000e-10 1.893198e-19
1.900000e-10 1.893198e-19
2.000000e-10 1.893198e-19
2.100000e-10 1.893198e-19
2.200000e-10 1.893198e-19
2.300000e-10 1.893198e-19
2.400000e-10 1.893198e-19
2.500000e-10 1.893198e-19
2.600000e-10 1.893198e-19
2.700000e-10 1.893198e-19
2.800000e-10 1.893198e-19
2.900000e-10 1.893198e-19
3.000000e-10 1.893198e-19
3.100000e-10 1.893198e-19
3.200000e-10 1.893198e-19
3.300000e-10 1.893198e-19
3.400000e-10 1.893198e-19
3.500000e-10 1.893198e-19
3.600000e-10 1.893198e-19
3.700000e-10 1.893198e-19
3.800000e-10 1.893198e-19
3.900000e-10 1.893198e-19
4.000000e-10 1.893198e-19
4.100000e-10 1.893198e-19
4.200000e-10 1.893198e-19
4.300000e-10 1.893198e-19
4.400000e-10 1.893198e-19
4.500000e-10 1.893198e-19
4.600000e-10 1.893198e-19
4.700000e-10 1.893198e-19
4.800000e-10 1.893198e-19
4.900000e-10 1.893198e-19
5.000000e-10 1.893198e-19
5.100000e-10 1.893198e-19
5.200000e-10 1.893198e-19
5.300000e-10 1.893198e-19
5.400000e-10 1.893198e-19
5.500000e-10 1.893198e-19
5.600000e-10 1.893198e-19
5.700000e-10 1.893198e-19
5.800000e-10 1.893198e-19
5.900000e-10 1.893198e-19
6.000000e-10 1.893198e-19
6.100000e-10 1.893198e-19
6.200000e-10 1.893198e-19
6.300000e-10 1.893198e-19
6.400000e-10 1.893198e-19
6.500000e-10 1.893198e-19
6.600000e-10 1.893198e-19
6.700000e-10 1.893198e-19
6.800000e-10 1.893198e-19
6.900000e-10 1.893198e-19
7.000000e-10 1.893198e-19
7.100000e-10 1.893198e-19
7.200000e-10 1.893198e-19
7.300000e-10 1.893198e-19
7.400000e-10 1.893198e-19
7.500000e-10 1.893198e-19
7.600000e-10 1.893198e-19
7.700000e-10 1.893198e-19
7.800000e-10 1.893198e-19
7.900000e-10 1.893198e-19
8.000000e-10 1.893198e-19
8.100000e-10 1.893198e-19
8.200000e-10 1.893198e-19
8.300000e-10 1.893198e-19
8.400000e-10 1.893198e-19
8.500000e-10 1.893198e-19
8.600000e-10 1.893198e-19
8.700000e-10 1.893198e-19
8.800000e-10 1.893198e-19
8.900000e-10 1.893198e-19
9.000000e-10 1.893198e-19
9.100000e-10 1.893198e-19
9.200000e-10 1.893198e-19
9.300000e-10 1.893198e-19
9.400000e-10 1.893198e-19
9.500000e-10 1.893198e-19
9.600000e-10 1.893198e-19
9.700000e-10 1.893198e-19
9.800000e-10 1.893198e-19
9.900000e-10 1.893198e-19
1.000000e-09 1.893198e-19
1.010000e-09 1.893198e-19
1.020000e-09 1.893198e-19
1.030000e-09 1.893198e-19
1.040000e-09 1.893198e-19
1.050000e-09 1.893198e-19
1.060000e-09 1.893198e-19
1.070000e-09 1.893198e-19
1.080000e-09 1.893198e-19
1.090000e-09 1.893198e-19
1.100000e-09 1.893198e-19
1.110000e-09 1.893198e-19
1.120000e-09 1.893198e-19
1.130000e-09 1.893198e-19
1.140000e-09 1.893198e-19
1.150000e-09 1.893198e-19
1.160000e-09 1.893198e-19
1.170000e-09 1.893198e-19
1.180000e-09 1.893198e-19
1.190000e-09 1.893198e-19
1.200000e-09 1.893198e-19
1.210000e-09 1.893198e-19
1.220000e-09 1.893198e-19
1.230000e-09 1.893198e-19
1.240000e-09 1.893198e-19
1.250000e-09 1.893198e-19
1.260000e-09 1.893198e-19
1.270000e-09 1.893198e-19
1.280000e-09 1.893198e-19
1.290000e-09 1.893198e-19
1.300000e-09 1.893198e-19
1.310000e-09 1.893198e-19
1.320000e-09 1.893198e-19
1.330000e-09 1.893198e-19
1.340000e-09 1.893198e-19
1.350000e-09 1.893198e-19
1.360000e-09 1.893198e-19
1.370000e-09 1.893198e-19
1.380000e-09 1.893198e-19
1.390000e-09 1.893198e-19
1.400000e-09 1.893198e-19
1.410000e-09 1.893198e-19
1.420000e-09 1.893198e-19
1.430000e-09 1.893198e-19
1.440000e-09 1.893198e-19
1.450000e-09 1.893198e-19
1.460000e-09 1.893198e-19
1.470000e-09 1.893198e-19
1.480000e-09 1.893198e-19
1.490000e-09 1.893198e-19
1.500000e-09 1.893198e-19
1.510000e-09 1.893198e-19
1.520000e-09 1.893198e-19
1.530000e-09 1.893198e-19
1.540000e-09 1.893198e-19
1.550000e-09 1.893198e-19
1.560000e-09 1.893198e-19
1.570000e-09 1.893198e-19
1.580000e-09 1.893198e-19
1.590000e-09 1.893198e-19
1.600000e-09 1.893198e-19
1.610000e-09 1.893198e-19
1.620000e-09 1.893198e-19
1.630000e-09 1.893198e-19
1.640000e-09 1.893198e-19
1.650000e-09 1.893198e-19
1.660000e-09 1.893198e-19
1.670000e-09 1.893198e-19
1.680000e-09 1.893198e-19
1.690000e-09 1.893198e-19
1.700000e-09 1.893198e-19
1.710000e-09 1.893198e-19
1.720000e-09 1.893198e-19
1.730000e-09 1.893198e-19
1.740000e-09 1.893198e-19
1.750000e-09 1.893198e-19
1.760000e-09 1.893198e-19
1.770000e-09 1.893198e-19
1.780000e-09 1.893198e-19
1.790000e-09 1.893198e-19
1.800000e-09 1.893198e-19
1.810000e-09 1.893198e-19
1.820000e-09 1.893198e-19
1.830000e-09 1.893198e-19
1.840000e-09 1.893198e-19
1.850000e-09 1.893198e-19
1.860000e-09 1.893198e-19
1.870000e-09 1.893198e-19
1.880000e-09 1.893198e-19
1.890000e-09 1.893198e-19
1.900000e-09 1.893198e-19
1.910000e-09 1.893198e-19
1.920000e-09 1.893198e-19
1.930000e-09 1.893198e-19
1.940000e-09 1.893198e-19
1.950000e-09 1.893198e-19
1.960000e-09 1.893198e-19
1.970000e-09 1.893198e-19
1.980000e-09 1.893198e-19
1.990000e-09 1.893198e-19
2.000000e-09 1.893198e-19
2.010000e-09 1.893198e-19
2.020000e-09 1.893198e-19
2.030000e-09 1.893198e-19
2.040000e-09 1.893198e-19
2.050000e-09 1.893198e-19
2.060000e-09 1.893198e-19
2.070000e-09 1.893198e-19
2.080000e-09 1.893198e-19
2.090000e-09 1.893198e-19
2.100000e-09 1.893198e-19
2.110000e-09 1.893198e-19
2.120000e-09 1.893198e-19
2.130000e-09 1.893198e-19
2.140000e-09 1.893198e-19
2.150000e-09 1.893198e-19
2.160000e-09 1.893198e-19
2.170000e-09 1.893198e-19
2.180000e-09 1.893198e-19
2.190000e-09 1.893198e-19
2.200000e-09 1.893198e-19
2.210000e-09 1.893198e-19
2.220000e-09 1.893198e-19
2.230000e-09 1.893198e-19
2.240000e-09 1.893198e-19
2.250000e-09 1.893198e-19
2.260000e-09 1.893198e-19
2.270000e-09 1.893198e-19
2.280000e-09 1.893198e-19
2.290000e-09 1.893198e-19
2.300000e-09 1.893198e-19
2.310000e-09 1.893198e-19
2.320000e-09 1.893198e-19
2.330000e-09 1.893198e-19
2.340000e-09 1.893198e-19
2.350000e-09 1.893198e-19
2.360000e-09 1.893198e-19
2.370000e-09 1.893198e-19
2.380000e-09 1.893198e-19
2.390000e-09 1.893198e-19
2.400000e-09 1.893198e-19
2.410000e-09 1.893198e-19
2.420000e-09 1.893198e-19
2.430000e-09 1.893198e-19
2.440000e-09 1.893198e-19
2.450000e-09 1.893198e-19
2.460000e-09 1.893198e-19
2.470000e-09 1.893198e-19
2.480000e-09 1.893198e-19
2.490000e-09 1.893198e-19
2.500000e-09 1.893198e-19
2.510000e-09 1.893198e-19
2.520000e-09 1.893198e-19
2.530000e-09 1.893198e-19
2.540000e-09 1.893198e-19
2.550000e-09 1.893198e-19
2.560000e-09 1.893198e-19
2.570000e-09 1.893198e-19
2.580000e-09 1.893198e-19
2.590000e-09 1.893198e-19
2.600000e-09 1.893198e-19
2.610000e-09 1.893198e-19
2.620000e-09 1.893198e-19
2.630000e-09 1.893198e-19
2.640000e-09 1.893198e-19
2.650000e-09 1.893198e-19
2.660000e-09 1.893198e-19
2.670000e-09 1.893198e-19
2.680000e-09 1.893198e-19
2.690000e-09 1.893198e-19
2.700000e-09 1.893198e-19
2.710000e-09 1.893198e-19
2.720000e-09 1.893198e-19
2.730000e-09 1.893198e-19
2.740000e-09 1.893198e-19
2.750000e-09 1.893198e-19
2.760000e-09 1.893198e-19
2.770000e-09 1.893198e-19
2.780000e-09 1.893198e-19
2.790000e-09 1.893198e-19
2.800000e-09 1.893198e-19
2.810000e-09 1.893198e-19
2.820000e-09 1.893198e-19
2.830000e-09 1.893198e-19
2.840000e-09 1.893198e-19
2.850000e-09 1.893198e-19
2.860000e-09 1.893198e-19
2.870000e-09 1.893198e-19
2.880000e-09 1.893198e-19
2.890000e-09 1.893198e-19
2.900000e-09 1.893198e-19
2.910000e-09 1.893198e-19
2.920000e-09 1.893198e-19
2.930000e-09 1.893198e-19
2.940000e-09 1.893198e-19
2.950000e-09 1.893198e-19
2.960000e-09 1.893198e-19
2.970000e-09 1.893198e-19
2.980000e-09 1.893198e-19
2.990000e-09 1.893198e-19
3.000000e-09 1.893198e-19
3.010000e-09 1.893198e-19
3.020000e-09 1.893198e-19
3.030000e-09 1.893198e-19
3.040000e-09 1.893198e-19
3.050000e-09 1.893198e-19
3.060000e-09 1.893198e-19
3.070000e-09 1.893198e-19
3.080000e-09 1.893198e-19
3.090000e-09 1.893198e-19
3.100000e-09 1.893198e-19
3.110000e-09 1.893198e-19
3.120000e-09 1.893198e-19
3.130000e-09 1.893198e-19
3.140000e-09 1.893198e-19
3.150000e-09 1.893198e-19
3.160000e-09 1.893198e-19
3.170000e-09 1.893198e-19
3.180000e-09 1.893198e-19
3.190000e-09 1.893198e-19
3.200000e-09 1.893198e-19
3.210000e-09 1.893198e-19
3.220000e-09 1.893198e-19
3.230000e-09 1.893198e-19
3.240000e-09 1.893198e-19
3.250000e-09 1.893198e-19
3.260000e-09 1.893198e-19
3.270000e-09 1.893198e-19
3.280000e-09 1.893198e-19
3.290000e-09 1.893198e-19
3.300000e-09 1.893198e-19
3.310000e-09 1.893198e-19
3.320000e-09 1.893198e-19
3.330000e-09 1.893198e-19
3.340000e-09 1.893198e-19
3.350000e-09 1.893198e-19
3.360000e-09 1.893198e-19
3.370000e-09 1.893198e-19
3.380000e-09 1.893198e-19
3.390000e-09 1.893198e-19
3.400000e-09 1.893198e-19
3.410000e-09 1.893198e-19
3.420000e-09 1.893198e-19
3.430000e-09 1.893198e-19
3.440000e-09 1.893198e-19
3.450000e-09 1.893198e-19
3.460000e-09 1.893198e-19
3.470000e-09 1.893198e-19
3.480000e-09 1.893198e-19
3.490000e-09 1.893198e-19
3.500000e-09 1.893198e-19
3.510000e-09 1.893198e-19
3.520000e-09 1.893198e-19
3.530000e-09 1.893198e-19
3.540000e-09 1.893198e-19
3.550000e-09 1.893198e-19
3.560000e-09 1.893198e-19
3.570000e-09 1.893198e-19
3.580000e-09 1.893198e-19
3.590000e-09 1.893198e-19
3.600000e-09 1.893198e-19
3.610000e-09 1.893198e-19
3.620000e-09 1.893198e-19
3.630000e-09 1.893198e-19
3.640000e-09 1.893198e-19
3.650000e-09 1.893198e-19
3.660000e-09 1.893198e-19
3.670000e-09 1.893198e-19
3.680000e-09 1.893198e-19
3.690000e-09 1.893198e-19
3.700000e-09 1.893198e-19
3.710000e-09 1.893198e-19
3.720000e-09 1.893198e-19
3.730000e-09 1.893198e-19
3.740000e-09 1.893198e-19
3.750000e-09 1.893198e-19
3.760000e-09 1.893198e-19
3.770000e-09 1.893198e-19
3.780000e-09 1.893198e-19
3.790000e-09 1.893198e-19
3.800000e-09 1.893198e-19
3.810000e-09 1.893198e-19
3.820000e-09 1.893198e-19
3.830000e-09 1.893198e-19
3.840000e-09 1.893198e-19
3.850000e-09 1.893198e-19
3.860000e-09 1.893198e-19
3.870000e-09 1.893198e-19
3.880000e-09 1.893198e-19
3.890000e-09 1.893198e-19
3.900000e-09 1.893198e-19
3.910000e-09 1.893198e-19
3.920000e-09 1.893198e-19
3.930000e-09 1.893198e-19
3.940000e-09 1.893198e-19
3.950000e-09 1.893198e-19
3.960000e-09 1.893198e-19
3.970000e-09 1.893198e-19
3.980000e-09 1.893198e-19
3.990000e-09 1.893198e-19
4.000000e-09 1.893198e-19
4.010000e-09 1.893198e-19
4.020000e-09 1.893198e-19
4.030000e-09 1.893198e-19
4.040000e-09 1.893198e-19
4.050000e-09 1.893198e-19
4.060000e-09 1.893198e-19
4.070000e-09 1.893198e-19
4.080000e-09 1.893198e-19
4.090000e-09 1.893198e-19
4.100000e-09 1.893198e-19
4.110000e-09 1.893198e-19
4.120000e-09 1.893198e-19
4.130000e-09 1.893198e-19
4.140000e-09 1.893198e-19
4.150000e-09 1.893198e-19
4.160000e-09 1.893198e-19
4.170000e-09 1.893198e-19
4.180000e-09 1.893198e-19
4.190000e-09 1.893198e-19
4.200000e-09 1.893198e-19
4.210000e-09 1.893198e-19
4.220000e-09 1.893198e-19
4.230000e-09 1.893198e-19
4.240000e-09 1.893198e-19
4.250000e-09 1.893198e-19
4.260000e-09 1.893198e-19
4.270000e-09 1.893198e-19
4.280000e-09 1.893198e-19
4.290000e-09 1.893198e-19
4.300000e-09 1.893198e-19
4.310000e-09 1.893198e-19
4.320000e-09 1.893198e-19
4.330000e-09 1.893198e-19
4.340000e-09 1.893198e-19
4.350000e-09 1.893198e-19
4.360000e-09 1.893198e-19
4.370000e-09 1.893198e-19
4.380000e-09 1.893198e-19
4.390000e-09 1.893198e-19
4.400000e-09 1.893198e-19
4.410000e-09 1.893198e-19
4.420000e-09 1.893198e-19
4.430000e-09 1.893198e-19
4.440000e-09 1.893198e-19
4.450000e-09 1.893198e-19
4.460000e-09 1.893198e-19
4.470000e-09 1.893198e-19
4.480000e-09 1.893198e-19
4.490000e-09 1.893198e-19
4.500000e-09 1.893198e-19
4.510000e-09 1.893198e-19
4.520000e-09 1.893198e-19
4.530000e-09 1.893198e-19
4.540000e-09 1.893198e-19
4.550000e-09 1.893198e-19
4.560000e-09 1.893198e-19
4.570000e-09 1.893198e-19
4.580000e-09 1.893198e-19
4.590000e-09 1.893198e-19
4.600000e-09 1.893198e-19
4.610000e-09 1.893198e-19
4.620000e-09 1.893198e-19
4.630000e-09 1.893198e-19
4.640000e-09 1.893198e-19
4.650000e-09 1.893198e-19
4.660000e-09 1.893198e-19
4.670000e-09 1.893198e-19
4.680000e-09 1.893198e-19
4.690000e-09 1.893198e-19
4.700000e-09 1.893198e-19
4.710000e-09 1.893198e-19
4.720000e-09 1.893198e-19
4.730000e-09 1.893198e-19
4.740000e-09 1.893198e-19
4.750000e-09 1.893198e-19
4.760000e-09 1.893198e-19
4.770000e-09 1.893198e-19
4.780000e-09 1.893198e-19
4.790000e-09 1.893198e-19
4.800000e-09 1.893198e-19
4.810000e-09 1.893198e-19
4.820000e-09 1.893198e-19
4.830000e-09 1.893198e-19
4.840000e-09 1.893198e-19
4.850000e-09 1.893198e-19
4.860000e-09 1.893198e-19
4.870000e-09 1.893198e-19
4.880000e-09 1.893198e-19
4.890000e-09 1.893198e-19
4.900000e-09 1.893198e-19
4.910000e-09 1.893198e-19
4.920000e-09 1.893198e-19
4.930000e-09 1.893198e-19
4.940000e-09 1.893198e-19
4.950000e-09 1.893198e-19
4.960000e-09 1.893198e-19
4.970000e-09 1.893198e-19
4.980000e-09 1.893198e-19
4.990000e-09 1.893198e-19
5.000000e-09 1.481204e-19
5.010000e-09 1.481204e-19
5.020000e-09 1.481204e-19
5.030000e-09 1.481204e-19
5.040000e-09 1.481204e-19
5.050000e-09 1.481204e-19
5.060000e-09 1.481204e-19
5.070000e-09 1.481204e-19
5.080000e-09 1.481204e-19
5.090000e-09 1.481204e-19
5.100000e-09 1.481204e-19
5.110000e-09 1.481204e-19
5.120000e-09 1.481204e-19
5.130000e-09 1.481204e-19
5.140000e-09 1.481204e-19
5.150000e-09 1.481204e-19
5.160000e-09 1.481204e-19
5.170000e-09 1.481204e-19
5.180000e-09 1.481204e-19
5.190000e-09 1.481204e-19
5.200000e-09 1.481204e-19
5.210000e-09 1.481204e-19
5.220000e-09 1.481204e-19
5.230000e-09 1.481204e-19
5.240000e-09 1.481204e-19
5.250000e-09 1.481204e-19
5.260000e-09 1.481204e-19
5.270000e-09 1.481204e-19
5.280000e-09 1.481204e-19
5.290000e-09 1.481204e-19
5.300000e-09 1.481204e-19
5.310000e-09 1.481204e-19
5.320000e-09 1.481204e-19
5.330000e-09 1.481204e-19
5.340000e-09 1.481204e-19
5.350000e-09 1.481204e-19
5.360000e-09 1.481204e-19
5.370000e-09 1.481204e-19
5.380000e-09 1.481204e-19
5.390000e-09 1.481204e-19
5.400000e-09 1.481204e-19
5.410000e-09 1.481204e-19
5.420000e-09 1.481204e-19
5.430000e-09 1.481204e-19
5.440000e-09 1.481204e-19
5.450000e-09 1.481204e-19
5.460000e-09 1.481204e-19
5.470000e-09 1.481204e-19
5.480000e-09 1.481204e-19
5.490000e-09 1.481204e-19
5.500000e-09 1.481204e-19
5.510000e-09 1.481204e-19
5.520000e-09 1.481204e-19
5.530000e-09 1.481204e-19
5.540000e-09 1.481204e-19
5.550000e-09 1.481204e-19
5.560000e-09 1.481204e-19
5.570000e-09 1.481204e-19
5.580000e-09 1.481204e-19
5.590000e-09 1.481204e-19
5.600000e-09 1.481204e-19
5.610000e-09 1.481204e-19
5.620000e-09 1.481204e-19
5.630000e-09 1.481204e-19
5.640000e-09 1.481204e-19
5.650000e-09 1.481204e-19
5.660000e-09 1.481204e-19
5.670000e-09 1.481204e-19
5.680000e-09 1.481204e-19
5.690000e-09 1.481204e-19
5.700000e-09 1.481204e-19
5.710000e-09 1.481204e-19
5.720000e-09 1.481204e-19
5.730000e-09 1.481204e-19
5.740000e-09 1.481204e-19
5.750000e-09 1.481204e-19
5.760000e-09 1.481204e-19
5.770000e-09 1.481204e-19
5.780000e-09 1.481204e-19
5.790000e-09 1.481204e-19
5.800000e-09 1.481204e-19
5.810000e-09 1.481204e-19
5.820000e-09 1.481204e-19
5.830000e-09 1.481204e-19
5.840000e-09 1.481204e-19
5.850000e-09 1.481204e-19
5.860000e-09 1.481204e-19
5.870000e-09 1.481204e-19
5.880000e-09 1.481204e-19
5.890000e-09 1.481204e-19
5.900000e-09 1.481204e-19
5.910000e-09 1.481204e-19
5.920000e-09 1.481204e-19
5.930000e-09 1.481204e-19
5.940000e-09 1.481204e-19
5.950000e-09 1.481204e-19
5.960000e-09 1.481204e-19
5.970000e-09 1.481204e-19
5.980000e-09 1.481204e-19
5.990000e-09 1.481204e-19
6.000000e-09 1.481204e-19
6.010000e-09 1.481204e-19
6.020000e-09 1.481204e-19
6.030000e-09 1.481204e-19
6.040000e-09 1.481204e-19
6.050000e-09 1.481204e-19
6.060000e-09 1.481204e-19
6.070000e-09 1.481204e-19
6.080000e-09 1.481204e-19
6.090000e-09 1.481204e-19
6.100000e-09 1.481204e-19
6.110000e-09 1.481204e-19
6.120000e-09 1.481204e-19
6.130000e-09 1.481204e-19
6.140000e-09 1.481204e-19
6.150000e-09 1.481204e-19
6.160000e-09 1.481204e-19
6.170000e-09 1.481204e-19
6.180000e-09 1.481204e-19
6.190000e-09 1.481204e-19
6.200000e-09 1.481204e-19
6.210000e-09 1.481204e-19
6.220000e-09 1.481204e-19
6.230000e-09 1.481204e-19
6.240000e-09 1.481204e-19
6.250000e-09 1.481204e-19
6.260000e-09 1.481204e-19
6.270000e-09 1.481204e-19
6.280000e-09 1.481204e-19
6.290000e-09 1.481204e-19
6.300000e-09 1.481204e-19
6.310000e-09 1.481204e-19
6.320000e-09 1.481204e-19
6.330000e-09 1.481204e-19
6.340000e-09 1.481204e-19
6.350000e-09 1.481204e-19
6.360000e-09 1.481204e-19
6.370000e-09 1.481204e-19
6.380000e-09 1.481204e-19
6.390000e-09 1.481204e-19
6.400000e-09 1.481204e-19
6.410000e-09 1.481204e-19
6.420000e-09 1.481204e-19
6.430000e-09 1.481204e-19
6.440000e-09 1.481204e-19
6.450000e-09 1.481204e-19
6.460000e-09 1.481204e-19
6.470000e-09 1.481204e-19
6.480000e-09 1.481204e-19
6.490000e-09 1.481204e-19
6.500000e-09 1.481204e-19
6.510000e-09 1.481204e-19
6.520000e-09 1.481204e-19
6.530000e-09 1.481204e-19
6.540000e-09 1.481204e-19
6.550000e-09 1.481204e-19
6.560000e-09 1.481204e-19
6.570000e-09 1.481204e-19
6.580000e-09 1.481204e-19
6.590000e-09 1.481204e-19
6.600000e-09 1.481204e-19
6.610000e-09 1.481204e-19
6.620000e-09 1.481204e-19
6.630000e-09 1.481204e-19
6.640000e-09 1.481204e-19
6.650000e-09 1.481204e-19
6.660000e-09 1.481204e-19
6.670000e-09 1.481204e-19
6.680000e-09 1.481204e-19
6.690000e-09 1.481204e-19
6.700000e-09 1.481204e-19
6.710000e-09 1.481204e-19
6.720000e-09 1.481204e-19
6.730000e-09 1.481204e-19
6.740000e-09 1.481204e-19
6.750000e-09 1.481204e-19
6.760000e-09 1.481204e-19
6.770000e-09 1.481204e-19
6.780000e-09 1.481204e-19
6.790000e-09 1.481204e-19
6.800000e-09 1.481204e-19
6.810000e-09 1.481204e-19
6.820000e-09 1.481204e-19
6.830000e-09 1.481204e-19
6.840000e-09 1.481204e-19
6.850000e-09 1.481204e-19
6.860000e-09 1.481204e-19
6.870000e-09 1.481204e-19
6.880000e-09 1.481204e-19
6.890000e-09 1.481204e-19
6.900000e-09 1.481204e-19
6.910000e-09 1.481204e-19
6.920000e-09 1.481204e-19
6.930000e-09 1.481204e-19
6.940000e-09 1.481204e-19
6.950000e-09 1.481204e-19
6.960000e-09 1.481204e-19
6.970000e-09 1.481204e-19
6.980000e-09 1.481204e-19
6.990000e-09 1.481204e-19
7.000000e-09 1.481204e-19
7.010000e-09 1.481204e-19
7.020000e-09 1.481204e-19
7.030000e-09 1.481204e-19
7.040000e-09 1.481204e-19
7.050000e-09 1.481204e-19
7.060000e-09 1.481204e-19
7.070000e-09 1.481204e-19
7.080000e-09 1.481204e-19
7.090000e-09 1.481204e-19
7.100000e-09 1.481204e-19
7.110000e-09 1.481204e-19
7.120000e-09 1.481204e-19
7.130000e-09 1.481204e-19
7.140000e-09 1.481204e-19
7.150000e-09 1.481204e-19
7.160000e-09 1.481204e-19
7.170000e-09 1.481204e-19
7.180000e-09 1.481204e-19
7.190000e-09 1.481204e-19
7.200000e-09 1.481204e-19
7.210000e-09 1.481204e-19
7.220000e-09 1.481204e-19
7.230000e-09 1.481204e-19
7.240000e-09 1.481204e-19
7.250000e-09 1.481204e-19
7.260000e-09 1.481204e-19
7.270000e-09 1.481204e-19
7.280000e-09 1.481204e-19
7.290000e-09 1.481204e-19
7.300000e-09 1.481204e-19
7.310000e-09 1.481204e-19
7.320000e-09 1.481204e-19
7.330000e-09 1.481204e-19
7.340000e-09 1.481204e-19
7.350000e-09 1.481204e-19
7.360000e-09 1.481204e-19
7.370000e-09 1.481204e-19
7.380000e-09 1.481204e-19
7.390000e-09 1.481204e-19
7.400000e-09 1.481204e-19
7.410000e-09 1.481204e-19
7.420000e-09 1.481204e-19
7.430000e-09 1.481204e-19
7.440000e-09 1.481204e-19
7.450000e-09 1.481204e-19
7.460000e-09 1.481204e-19
7.470000e-09 1.481204e-19
7.480000e-09 1.481204e-19
7.490000e-09 1.481204e-19
7.500000e-09 1.481204e-19
7.510000e-09 1.481204e-19
7.520000e-09 1.481204e-19
7.530000e-09 1.481204e-19
7.540000e-09 1.481204e-19
7.550000e-09 1.481204e-19
7.560000e-09 1.481204e-19
7.570000e-09 1.481204e-19
7.580000e-09 1.481204e-19
7.590000e-09 1.481204e-19
7.600000e-09 1.481204e-19
7.610000e-09 1.481204e-19
7.620000e-09 1.481204e-19
7.630000e-09 1.481204e-19
7.640000e-09 1.481204e-19
7.650000e-09 1.481204e-19
7.660000e-09 1.481204e-19
7.670000e-09 1.481204e-19
7.680000e-09 1.481204e-19
7.690000e-09 1.481204e-19
7.700000e-09 1.481204e-19
7.710000e-09 1.481204e-19
7.720000e-09 1.481204e-19
7.730000e-09 1.481204e-19
7.740000e-09 1.481204e-19
7.750000e-09 1.481204e-19
7.760000e-09 1.481204e-19
7.770000e-09 1.481204e-19
7.780000e-09 1.481204e-19
7.790000e-09 1.481204e-19
7.800000e-09 1.481204e-19
7.810000e-09 1.481204e-19
7.820000e-09 1.481204e-19
7.830000e-09 1.481204e-19
7.840000e-09 1.481204e-19
7.850000e-09 1.481204e-19
7.860000e-09 1.481204e-19
7.870000e-09 1.481204e-19
7.880000e-09 1.481204e-19
7.890000e-09 1.481204e-19
7.900000e-09 1.481204e-19
7.910000e-09 1.481204e-19
7.920000e-09 1.481204e-19
7.930000e-09 1.481204e-19
7.940000e-09 1.481204e-19
7.950000e-09 1.481204e-19
7.960000e-09 1.481204e-19
7.970000e-09 1.481204e-19
7.980000e-09 1.481204e-19
7.990000e-09 1.481204e-19
8.000000e-09 1.481204e-19
8.010000e-09 1.481204e-19
8.020000e-09 1.481204e-19
8.030000e-09 1.481204e-19
8.040000e-09 1.481204e-19
8.050000e-09 1.481204e-19
8.060000e-09 1.481204e-19
8.070000e-09 1.481204e-19
8.080000e-09 1.481204e-19
8.090000e-09 1.481204e-19
8.100000e-09 1.481204e-19
8.110000e-09 1.481204e-19
8.120000e-09 1.481204e-19
8.130000e-09 1.481204e-19
8.140000e-09 1.481204e-19
8.150000e-09 1.481204e-19
8.160000e-09 1.481204e-19
8.170000e-09 1.481204e-19
8.180000e-09 1.481204e-19
8.190000e-09 1.481204e-19
8.200000e-09 1.481204e-19
8.210000e-09 1.481204e-19
8.220000e-09 1.481204e-19
8.230000e-09 1.481204e-19
8.240000e-09 1.481204e-19
8.250000e-09 1.481204e-19
8.260000e-09 1.481204e-19
8.270000e-09 1.481204e-19
8.280000e-09 1.481204e-19
8.290000e-09 1.481204e-19
8.300000e-09 1.481204e-19
8.310000e-09 1.481204e-19
8.320000e-09 1.481204e-19
8.330000e-09 1.481204e-19
8.340000e-09 1.481204e-19
8.350000e-09 1.481204e-19
8.360000e-09 1.481204e-19
8.370000e-09 1.481204e-19
8.380000e-09 1.481204e-19
8.390000e-09 1.481204e-19
8.400000e-09 1.481204e-19
8.410000e-09 1.481204e-19
8.420000e-09 1.481204e-19
8.430000e-09 1.481204e-19
8.440000e-09 1.481204e-19
8.450000e-09 1.481204e-19
8.460000e-09 1.481204e-19
8.470000e-09 1.481204e-19
8.480000e-09 1.481204e-19
8.490000e-09 1.481204e-19
8.500000e-09 1.481204e-19
8.510000e-09 1.481204e-19
8.520000e-09 1.481204e-19
8.530000e-09 1.481204e-19
8.540000e-09 1.481204e-19
8.550000e-09 1.481204e-19
8.560000e-09 1.481204e-19
8.570000e-09 1.481204e-19
8.580000e-09 1.481204e-19
8.590000e-09 1.481204e-19
8.600000e-09 1.481204e-19
8.610000e-09 1.481204e-19
8.620000e-09 1.481204e-19
8.630000e-09 1.481204e-19
8.640000e-09 1.481204e-19
8.650000e-09 1.481204e-19
8.660000e-09 1.481204e-19
8.670000e-09 1.481204e-19
8.680000e-09 1.481204e-19
8.690000e-09 1.481204e-19
8.700000e-09 1.481204e-19
8.710000e-09 1.481204e-19
8.720000e-09 1.481204e-19
8.730000e-09 1.481204e-19
8.740000e-09 1.481204e-19
8.750000e-09 1.481204e-19
8.760000e-09 1.481204e-19
8.770000e-09 1.481204e-19
8.780000e-09 1.481204e-19
8.790000e-09 1.481204e-19
8.800000e-09 1.481204e-19
8.810000e-09 1.481204e-19
8.820000e-09 1.481204e-19
8.830000e-09 1.481204e-19
8.840000e-09 1.481204e-19
8.850000e-09 1.481204e-19
8.860000e-09 1.481204e-19
8.870000e-09 1.481204e-19
8.880000e-09 1.481204e-19
8.890000e-09 1.481204e-19
8.900000e-09 1.481204e-19
8.910000e-09 1.481204e-19
8.920000e-09 1.481204e-19
8.930000e-09 1.481204e-19
8.940000e-09 1.481204e-19
8.950000e-09 1.481204e-19
8.960000e-09 1.481204e-19
8.970000e-09 1.481204e-19
8.980000e-09 1.481204e-19
8.990000e-09 1.481204e-19
9.000000e-09 1.481204e-19
9.010000e-09 1.481204e-19
9.020000e-09 1.481204e-19
9.030000e-09 1.481204e-19
9.040000e-09 1.481204e-19
9.050000e-09 1.481204e-19
9.060000e-09 1.481204e-19
9.070000e-09 1.481204e-19
9.080000e-09 1.481204e-19
9.090000e-09 1.481204e-19
9.100000e-09 1.481204e-19
9.110000e-09 1.481204e-19
9.120000e-09 1.481204e-19
9.130000e-09 1.481204e-19
9.140000e-09 1.481204e-19
9.150000e-09 1.481204e-19
9.160000e-09 1.481204e-19
9.170000e-09 1.481204e-19
9.180000e-09 1.481204e-19
9.190000e-09 1.481204e-19
9.200000e-09 1.481204e-19
9.210000e-09 1.481204e-19
9.220000e-09 1.481204e-19
9.230000e-09 1.481204e-19
9.240000e-09 1.481204e-19
9.250000e-09 1.481204e-19
9.260000e-09 1.481204e-19
9.270000e-09 1.481204e-19
9.280000e-09 1.481204e-19
9.290000e-09 1.481204e-19
9.300000e-09 1.481204e-19
9.310000e-09 1.481204e-19
9.320000e-09 1.481204e-19
9.330000e-09 1.481204e-19
9.340000e-09 1.481204e-19
9.350000e-09 1.481204e-19
9.360000e-09 1.481204e-19
9.370000e-09 1.481204e-19
9.380000e-09 1.481204e-19
9.390000e-09 1.481204e-19
9.400000e-09 1.481204e-19
9.410000e-09 1.481204e-19
9.420000e-09 1.481204e-19
9.430000e-09 1.481204e-19
9.440000e-09 1.481204e-19
9.450000e-09 1.481204e-19
9.460000e-09 1.481204e-19
9.470000e-09 1.481204e-19
9.480000e-09 1.481204e-19
9.490000e-09 1.481204e-19
9.500000e-09 1.481204e-19
9.510000e-09 1.481204e-19
9.520000e-09 1.481204e-19
9.530000e-09 1.481204e-19
9.540000e-09 1.481204e-19
9.550000e-09 1.481204e-19
9.560000e-09 1.481204e-19
9.570000e-09 1.481204e-19
9.580000e-09 1.481204e-19
9.590000e-09 1.481204e-19
9.600000e-09 1.481204e-19
9.610000e-09 1.481204e-19
9.620000e-09 1.481204e-19
9.630000e-09 1.481204e-19
9.640000e-09 1.481204e-19
9.650000e-09 1.481204e-19
9.660000e-09 1.481204e-19
9.670000e-09 1.481204e-19
9.680000e-09 1.481204e-19
9.690000e-09 1.481204e-19
9.700000e-09 1.481204e-19
9.710000e-09 1.481204e-19
9.720000e-09 1.481204e-19
9.730000e-09 1.481204e-19
9.740000e-09 1.481204e-19
9.750000e-09 1.481204e-19
9.760000e-09 1.481204e-19
9.770000e-09 1.481204e-19
9.780000e-09 1.481204e-19
9.790000e-09 1.481204e-19
9.800000e-09 1.481204e-19
9.810000e-09 1.481204e-19
9.820000e-09 1.481204e-19
9.830000e-09 1.481204e-19
9.840000e-09 1.481204e-19
9.850000e-09 1.481204e-19
9.860000e-09 1.481204e-19
9.870000e-09 1.481204e-19
9.880000e-09 1.481204e-19
9.890000e-09 1.481204e-19
9.900000e-09 1.481204e-19
9.910000e-09 1.481204e-19
9.920000e-09 1.481204e-19
9.930000e-09 1.481204e-19
9.940000e-09 1.481204e-19
9.950000e-09 1.481204e-19
9.960000e-09 1.481204e-19
9.970000e-09 1.481204e-19
9.980000e-09 1.481204e-19
9.990000e-09 1.481204e-19
1.000000e-08 1.481204e-19
1.001000e-08 1.481204e-19
1.002000e-08 1.481204e-19
1.003000e-08 1.481204e-19
1.004000e-08 1.481204e-19
1.005000e-08 1.481204e-19
1.006000e-08 1.481204e-19
1.007000e-08 1.481204e-19
1.008000e-08 1.481204e-19
1.009000e-08 1.481204e-19
1.010000e-08 1.481204e-19
1.011000e-08 1.481204e-19
1.012000e-08 1.481204e-19
1.013000e-08 1.481204e-19
1.014000e-08 1.481204e-19
1.015000e-08 1.481204e-19
1.016000e-08 1.481204e-19
1.017000e-08 1.481204e-19
1.018000e-08 1.481204e-19
1.019000e-08 1.481204e-19
1.020000e-08 1.481204e-19
1.021000e-08 1.481204e-19
1.022000e-08 1.481204e-19
1.023000e-08 1.481204e-19
1.024000e-08 1.481204e-19
1.025000e-08 1.481204e-19
1.026000e-08 1.481204e-19
1.027000e-08 1.481204e-19
1.028000e-08 1.481204e-19
1.029000e-08 1.481204e-19
1.030000e-08 1.481204e-19
1.031000e-08 1.481204e-19
1.032000e-08 1.481204e-19
1.033000e-08 1.481204e-19
1.034000e-08 1.481204e-19
1.035000e-08 1.481204e-19
1.036000e-08 1.481204e-19
1.037000e-08 1.481204e-19
1.038000e-08 1.481204e-19
1.039000e-08 1.481204e-19
1.040000e-08 1.481204e-19
1.041000e-08 1.481204e-19
1.042000e-08 1.481204e-19
1.043000e-08 1.481204e-19
1.044000e-08 1.481204e-19
1.045000e-08 1.481204e-19
1.046000e-08 1.481204e-19
1.047000e-08 1.481204e-19
1.048000e-08 1.481204e-19
1.049000e-08 1.481204e-19
1.050000e-08 1.481204e-19
1.051000e-08 1.481204e-19
1.052000e-08 1.481204e-19
1.053000e-08 1.481204e-19
1.054000e-08 1.481204e-19
1.055000e-08 1.481204e-19
1.056000e-08 1.481204e-19
1.057000e-08 1.481204e-19
1.058000e-08 1.481204e-19
1.059000e-08 1.481204e-19
1.060000e-08 1.481204e-19
1.061000e-08 1.481204e-19
1.062000e-08 1.481204e-19
1.063000e-08 1.481204e-19
1.064000e-08 1.481204e-19
1.065000e-08 1.481204e-19
1.066000e-08 1.481204e-19
1.067000e-08 1.481204e-19
1.068000e-08 1.481204e-19
1.069000e-08 1.481204e-19
1.070000e-08 1.481204e-19
1.071000e-08 1.481204e-19
1.072000e-08 1.481204e-19
1.073000e-08 1.481204e-19
1.074000e-08 1.481204e-19
1.075000e-08 1.481204e-19
1.076000e-08 1.481204e-19
1.077000e-08 1.481204e-19
1.078000e-08 1.481204e-19
1.079000e-08 1.481204e-19
1.080000e-08 1.481204e-19
1.081000e-08 1.481204e-19
1.082000e-08 1.481204e-19
1.083000e-08 1.481204e-19
1.084000e-08 1.481204e-19
1.085000e-08 1.481204e-19
1.086000e-08 1.481204e-19
1.087000e-08 1.481204e-19
1.088000e-08 1.481204e-19
1.089000e-08 1.481204e-19
1.090000e-08 1.481204e-19
1.091000e-08 1.481204e-19
1.092000e-08 1.481204e-19
1.093000e-08 1.481204e-19
1.094000e-08 1.481204e-19
1.095000e-08 1.481204e-19
1.096000e-08 1.481204e-19
1.097000e-08 1.481204e-19
1.098000e-08 1.481204e-19
1.099000e-08 1.481204e-19
1.100000e-08 1.481204e-19
1.101000e-08 1.481204e-19
1.102000e-08 1.481204e-19
1.103000e-08 1.481204e-19
1.104000e-08 1.481204e-19
1.105000e-08 1.481204e-19
1.106000e-08 1.481204e-19
1.107000e-08 1.481204e-19
1.108000e-08 1.481204e-19
1.109000e-08 1.481204e-19
1.110000e-08 1.481204e-19
1.111000e-08 1.481204e-19
1.112000e-08 1.481204e-19
1.113000e-08 1.481204e-19
1.114000e-08 1.481204e-19
1.115000e-08 1.481204e-19
1.116000e-08 1.481204e-19
1.117000e-08 1.481204e-19
1.118000e-08 1.481204e-19
1.119000e-08 1.481204e-19
1.120000e-08 1.481204e-19
1.121000e-08 1.481204e-19
1.122000e-08 1.481204e-19
1.123000e-08 1.481204e-19
1.124000e-08 1.481204e-19
1.125000e-08 1.481204e-19
1.126000e-08 1.481204e-19
1.127000e-08 1.481204e-19
1.128000e-08 1.481204e-19
1.129000e-08 1.481204e-19
1.130000e-08 1.481204e-19
1.131000e-08 1.481204e-19
1.132000e-08 1.481204e-19
1.133000e-08 1.481204e-19
1.134000e-08 1.481204e-19
1.135000e-08 1.481204e-19
1.136000e-08 1.481204e-19
1.137000e-08 1.481204e-19
1.138000e-08 1.481204e-19
1.139000e-08 1.481204e-19
1.140000e-08 1.481204e-19
1.141000e-08 1.481204e-19
1.142000e-08 1.481204e-19
1.143000e-08 1.481204e-19
1.144000e-08 1.481204e-19
1.145000e-08 1.481204e-19
1.146000e-08 1.481204e-19
1.147000e-08 1.481204e-19
1.148000e-08 1.481204e-19
1.149000e-08 1.481204e-19
1.150000e-08 1.481204e-19
1.151000e-08 1.481204e-19
1.152000e-08 1.481204e-19
1.153000e-08 1.481204e-19
1.154000e-08 1.481204e-19
1.155000e-08 1.481204e-19
1.156000e-08 1.481204e-19
1.157000e-08 1.481204e-19
1.158000e-08 1.481204e-19
1.159000e-08 1.481204e-19
1.160000e-08 1.481204e-19
1.161000e-08 1.481204e-19
1.162000e-08 1.481204e-19
1.163000e-08 1.481204e-19
1.164000e-08 1.481204e-19
1.165000e-08 1.481204e-19
1.166000e-08 1.481204e-19
1.167000e-08 1.481204e-19
1.168000e-08 1.481204e-19
1.169000e-08 1.481204e-19
1.170000e-08 1.481204e-19
1.171000e-08 1.481204e-19
1.172000e-08 1.481204e-19
1.173000e-08 1.481204e-19
1.174000e-08 1.481204e-19
1.175000e-08 1.481204e-19
1.176000e-08 1.481204e-19
1.177000e-08 1.481204e-19
1.178000e-08 1.481204e-19
1.179000e-08 1.481204e-19
1.180000e-08 1.481204e-19
1.181000e-08 1.481204e-19
1.182000e-08 1.481204e-19
1.183000e-08 1.481204e-19
1.184000e-08 1.481204e-19
1.185000e-08 1.481204e-19
1.186000e-08 1.481204e-19
1.187000e-08 1.481204e-19
1.188000e-08 1.481204e-19
1.189000e-08 1.481204e-19
1.190000e-08 1.481204e-19
1.191000e-08 1.481204e-19
1.192000e-08 1.481204e-19
1.193000e-08 1.481204e-19
1.194000e-08 1.481204e-19
1.195000e-08 1.481204e-19
1.196000e-08 1.481204e-19
1.197000e-08 1.481204e-19
1.198000e-08 1.481204e-19
1.199000e-08 1.481204e-19
1.200000e-08 1.481204e-19
1.201000e-08 1.481204e-19
1.202000e-08 1.481204e-19
1.203000e-08 1.481204e-19
1.204000e-08 1.481204e-19
1.205000e-08 1.481204e-19
1.206000e-08 1.481204e-19
1.207000e-08 1.481204e-19
1.208000e-08 1.481204e-19
1.209000e-08 1.481204e-19
1.210000e-08 1.481204e-19
1.211000e-08 1.481204e-19
1.212000e-08 1.481204e-19
1.213000e-08 1.481204e-19
1.214000e-08 1.481204e-19
1.215000e-08 1.481204e-19
1.216000e-08 1.481204e-19
1.217000e-08 1.481204e-19
1.218000e-08 1.481204e-19
1.219000e-08 1.481204e-19
1.220000e-08 1.481204e-19
1.221000e-08 1.481204e-19
1.222000e-08 1.481204e-19
1.223000e-08 1.481204e-19
1.224000e-08 1.481204e-19
1.225000e-08 1.481204e-19
1.226000e-08 1.481204e-19
1.227000e-08 1.481204e-19
1.228000e-08 1.481204e-19
1.229000e-08 1.481204e-19
1.230000e-08 1.481204e-19
1.231000e-08 1.481204e-19
1.232000e-08 1.481204e-19
1.233000e-08 1.481204e-19
1.234000e-08 1.481204e-19
1.235000e-08 1.481204e-19
1.236000e-08 1.481204e-19
1.237000e-08 1.481204e-19
1.238000e-08 1.481204e-19
1.239000e-08 1.481204e-19
1.240000e-08 1.481204e-19
1.241000e-08 1.481204e-19
1.242000e-08 1.481204e-19
1.243000e-08 1.481204e-19
1.244000e-08 1.481204e-19
1.245000e-08 1.481204e-19
1.246000e-08 1.481204e-19
1.247000e-08 1.481204e-19
1.248000e-08 1.481204e-19
1.249000e-08 1.481204e-19
1.250000e-08 1.481204e-19
1.251000e-08 1.481204e-19
1.252000e-08 1.481204e-19
1.253000e-08 1.481204e-19
1.254000e-08 1.481204e-19
1.255000e-08 1.481204e-19
1.256000e-08 1.481204e-19
1.257000e-08 1.481204e-19
1.258000e-08 1.481204e-19
1.259000e-08 1.481204e-19
1.260000e-08 1.481204e-19
1.261000e-08 1.481204e-19
1.262000e-08 1.481204e-19
1.263000e-08 1.481204e-19
1.264000e-08 1.481204e-19
1.265000e-08 1.481204e-19
1.266000e-08 1.481204e-19
1.267000e-08 1.481204e-19
1.268000e-08 1.481204e-19
1.269000e-08 1.481204e-19
1.270000e-08 1.481204e-19
1.271000e-08 1.481204e-19
1.272000e-08 1.481204e-19
1.273000e-08 1.481204e-19
1.274000e-08 1.481204e-19
1.275000e-08 1.481204e-19
1.276000e-08 1.481204e-19
1.277000e-08 1.481204e-19
1.278000e-08 1.481204e-19
1.279000e-08 1.481204e-19
1.280000e-08 1.481204e-19
1.281000e-08 1.481204e-19
1.282000e-08 1.481204e-19
1.283000e-08 1.481204e-19
1.284000e-08 1.481204e-19
1.285000e-08 1.481204e-19
1.286000e-08 1.481204e-19
1.287000e-08 1.481204e-19
1.288000e-08 1.481204e-19
1.289000e-08 1.481204e-19
1.290000e-08 1.481204e-19
1.291000e-08 1.481204e-19
1.292000e-08 1.481204e-19
1.293000e-08 1.481204e-19
1.294000e-08 1.481204e-19
1.295000e-08 1.481204e-19
1.296000e-08 1.481204e-19
1.297000e-08 1.481204e-19
1.298000e-08 1.481204e-19
1.299000e-08 1.481204e-19
1.300000e-08 1.893198e-19
1.301000e-08 1.893198e-19
1.302000e-08 1.893198e-19
1.303000e-08 1.893198e-19
1.304000e-08 1.893198e-19
1.305000e-08 1.893198e-19
1.306000e-08 1.893198e-19
1.307000e-08 1.893198e-19
1.308000e-08 1.893198e-19
1.309000e-08 1.893198e-19
1.310000e-08 1.893198e-19
1.311000e-08 1.893198e-19
1.312000e-08 1.893198e-19
1.313000e-08 1.893198e-19
1.314000e-08 1.893198e-19
1.315000e-08 1.893198e-19
1.316000e-08 1.893198e-19
1.317000e-08 1.893198e-19
1.318000e-08 1.893198e-19
1.319000e-08 1.893198e-19
1.320000e-08 1.893198e-19
1.321000e-08 1.893198e-19
1.322000e-08 1.893198e-19
1.323000e-08 1.893198e-19
1.324000e-08 1.893198e-19
1.325000e-08 1.893198e-19
1.326000e-08 1.893198e-19
1.327000e-08 1.893198e-19
1.328000e-08 1.893198e-19
1.329000e-08 1.893198e-19
1.330000e-08 1.893198e-19
1.331000e-08 1.893198e-19
1.332000e-08 1.893198e-19
1.333000e-08 1.893198e-19
1.334000e-08 1.893198e-19
1.335000e-08 1.893198e-19
1.336000e-08 1.893198e-19
1.337000e-08 1.893198e-19
1.338000e-08 1.893198e-19
1.339000e-08 1.893198e-19
1.340000e-08 1.893198e-19
1.341000e-08 1.893198e-19
1.342000e-08 1.893198e-19
1.343000e-08 1.893198e-19
1.344000e-08 1.893198e-19
1.345000e-08 1.893198e-19
1.346000e-08 1.893198e-19
1.347000e-08 1.893198e-19
1.348000e-08 1.893198e-19
1.349000e-08 1.893198e-19
1.350000e-08 1.893198e-19
1.351000e-08 1.893198e-19
1.352000e-08 1.893198e-19
1.353000e-08 1.893198e-19
1.354000e-08 1.893198e-19
1.355000e-08 1.893198e-19
1.356000e-08 1.893198e-19
1.357000e-08 1.893198e-19
1.358000e-08 1.893198e-19
1.359000e-08 1.893198e-19
1.360000e-08 1.893198e-19
1.361000e-08 1.893198e-19
1.362000e-08 1.893198e-19
1.363000e-08 1.893198e-19
1.364000e-08 1.893198e-19
1.365000e-08 1.893198e-19
1.366000e-08 1.893198e-19
1.367000e-08 1.893198e-19
1.368000e-08 1.893198e-19
1.369000e-08 1.893198e-19
1.370000e-08 1.893198e-19
1.371000e-08 1.893198e-19
1.372000e-08 1.893198e-19
1.373000e-08 1.893198e-19
1.374000e-08 1.893198e-19
1.375000e-08 1.893198e-19
1.376000e-08 1.893198e-19
1.377000e-08 1.893198e-19
1.378000e-08 1.893198e-19
1.379000e-08 1.893198e-19
1.380000e-08 1.893198e-19
1.381000e-08 1.893198e-19
1.382000e-08 1.893198e-19
1.383000e-08 1.893198e-19
1.384000e-08 1.893198e-19
1.385000e-08 1.893198e-19
1.386000e-08 1.893198e-19
1.387000e-08 1.893198e-19
1.388000e-08 1.893198e-19
1.389000e-08 1.893198e-19
1.390000e-08 1.893198e-19
1.391000e-08 1.893198e-19
1.392000e-08 1.893198e-19
1.393000e-08 1.893198e-19
1.394000e-08 1.893198e-19
1.395000e-08 1.893198e-19
1.396000e-08 1.893198e-19
1.397000e-08 1.893198e-19
1.398000e-08 1.893198e-19
1.399000e-08 1.893198e-19
1.400000e-08 1.893198e-19
1.401000e-08 1.893198e-19
1.402000e-08 1.893198e-19
1.403000e-08 1.893198e-19
1.404000e-08 1.893198e-19
1.405000e-08 1.893198e-19
1.406000e-08 1.893198e-19
1.407000e-08 1.893198e-19
1.408000e-08 1.893198e-19
1.409000e-08 1.893198e-19
1.410000e-08 1.893198e-19
1.411000e-08 1.893198e-19
1.412000e-08 1.893198e-19
1.413000e-08 1.893198e-19
1.414000e-08 1.893198e-19
1.415000e-08 1.893198e-19
1.416000e-08 1.893198e-19
1.417000e-08 1.893198e-19
1.418000e-08 1.893198e-19
1.419000e-08 1.893198e-19
1.420000e-08 1.893198e-19
1.421000e-08 1.893198e-19
1.422000e-08 1.893198e-19
1.423000e-08 1.893198e-19
1.424000e-08 1.893198e-19
1.425000e-08 1.893198e-19
1.426000e-08 1.893198e-19
1.427000e-08 1.893198e-19
1.428000e-08 1.893198e-19
1.429000e-08 1.893198e-19
1.430000e-08 1.893198e-19
1.431000e-08 1.893198e-19
1.432000e-08 1.893198e-19
1.433000e-08 1.893198e-19
1.434000e-08 1.893198e-19
1.435000e-08 1.893198e-19
1.436000e-08 1.893198e-19
1.437000e-08 1.893198e-19
1.438000e-08 1.893198e-19
1.439000e-08 1.893198e-19
1.440000e-08 1.893198e-19
1.441000e-08 1.893198e-19
1.442000e-08 1.893198e-19
1.443000e-08 1.893198e-19
1.444000e-08 1.893198e-19
1.445000e-08 1.893198e-19
1.446000e-08 1.893198e-19
1.447000e-08 1.893198e-19
1.448000e-08 1.893198e-19
1.449000e-08 1.893198e-19
1.450000e-08 1.893198e-19
1.451000e-08 1.893198e-19
1.452000e-08 1.893198e-19
1.453000e-08 1.893198e-19
1.454000e-08 1.893198e-19
1.455000e-08 1.893198e-19
1.456000e-08 1.893198e-19
1.457000e-08 1.893198e-19
1.458000e-08 1.893198e-19
1.459000e-08 1.893198e-19
1.460000e-08 1.893198e-19
1.461000e-08 1.893198e-19
1.462000e-08 1.893198e-19
1.463000e-08 1.893198e-19
1.464000e-08 1.893198e-19
1.465000e-08 1.893198e-19
1.466000e-08 1.893198e-19
1.467000e-08 1.893198e-19
1.468000e-08 1.893198e-19
1.469000e-08 1.893198e-19
1.470000e-08 1.893198e-19
1.471000e-08 1.893198e-19
1.472000e-08 1.893198e-19
1.473000e-08 1.893198e-19
1.474000e-08 1.893198e-19
1.475000e-08 1.893198e-19
1.476000e-08 1.893198e-19
1.477000e-08 1.893198e-19
1.478000e-08 1.893198e-19
1.479000e-08 1.893198e-19
1.480000e-08 1.893198e-19
1.481000e-08 1.893198e-19
1.482000e-08 1.893198e-19
1.483000e-08 1.893198e-19
1.484000e-08 1.893198e-19
1.485000e-08 1.893198e-19
1.486000e-08 1.893198e-19
1.487000e-08 1.893198e-19
1.488000e-08 1.893198e-19
1.489000e-08 1.893198e-19
1.490000e-08 1.893198e-19
1.491000e-08 1.893198e-19
1.492000e-08 1.893198e-19
1.493000e-08 1.893198e-19
1.494000e-08 1.893198e-19
1.495000e-08 1.893198e-19
1.496000e-08 1.893198e-19
1.497000e-08 1.893198e-19
1.498000e-08 1.893198e-19
1.499000e-08 1.893198e-19
1.500000e-08 1.893198e-19
1.501000e-08 1.893198e-19
1.502000e-08 1.893198e-19
1.503000e-08 1.893198e-19
1.504000e-08 1.893198e-19
1.505000e-08 1.893198e-19
1.506000e-08 1.893198e-19
1.507000e-08 1.893198e-19
1.508000e-08 1.893198e-19
1.509000e-08 1.893198e-19
1.510000e-08 1.893198e-19
1.511000e-08 1.893198e-19
1.512000e-08 1.893198e-19
1.513000e-08 1.893198e-19
1.514000e-08 1.893198e-19
1.515000e-08 1.893198e-19
1.516000e-08 1.893198e-19
1.517000e-08 1.893198e-19
1.518000e-08 1.893198e-19
1.519000e-08 1.893198e-19
1.520000e-08 1.893198e-19
1.521000e-08 1.893198e-19
1.522000e-08 1.893198e-19
1.523000e-08 1.893198e-19
1.524000e-08 1.893198e-19
1.525000e-08 1.893198e-19
1.526000e-08 1.893198e-19
1.527000e-08 1.893198e-19
1.528000e-08 1.893198e-19
1.529000e-08 1.893198e-19
1.530000e-08 1.893198e-19
1.531000e-08 1.893198e-19
1.532000e-08 1.893198e-19
1.533000e-08 1.893198e-19
1.534000e-08 1.893198e-19
1.535000e-08 1.893198e-19
1.536000e-08 1.893198e-19
1.537000e-08 1.893198e-19
1.538000e-08 1.893198e-19
1.539000e-08 1.893198e-19
1.540000e-08 1.893198e-19
1.541000e-08 1.893198e-19
1.542000e-08 1.893198e-19
1.543000e-08 1.893198e-19
1.544000e-08 1.893198e-19
1.545000e-08 1.893198e-19
1.546000e-08 1.893198e-19
1.547000e-08 1.893198e-19
1.548000e-08 1.893198e-19
1.549000e-08 1.893198e-19
1.550000e-08 1.893198e-19
1.551000e-08 1.893198e-19
1.552000e-08 1.893198e-19
1.553000e-08 1.893198e-19
1.554000e-08 1.893198e-19
1.555000e-08 1.893198e-19
1.556000e-08 1.893198e-19
1.557000e-08 1.893198e-19
1.558000e-08 1.893198e-19
1.559000e-08 1.893198e-19
1.560000e-08 1.893198e-19
1.561000e-08 1.893198e-19
1.562000e-08 1.893198e-19
1.563000e-08 1.893198e-19
1.564000e-08 1.893198e-19
1.565000e-08 1.893198e-19
1.566000e-08 1.893198e-19
1.567000e-08 1.893198e-19
1.568000e-08 1.893198e-19
1.569000e-08 1.893198e-19
1.570000e-08 1.893198e-19
1.571000e-08 1.893198e-19
1.572000e-08 1.893198e-19
1.573000e-08 1.893198e-19
1.574000e-08 1.893198e-19
1.575000e-08 1.893198e-19
1.576000e-08 1.893198e-19
1.577000e-08 1.893198e-19
1.578000e-08 1.893198e-19
1.579000e-08 1.893198e-19
1.580000e-08 1.893198e-19
1.581000e-08 1.893198e-19
1.582000e-08 1.893198e-19
1.583000e-08 1.893198e-19
1.584000e-08 1.893198e-19
1.585000e-08 1.893198e-19
1.586000e-08 1.893198e-19
1.587000e-08 1.893198e-19
1.588000e-08 1.893198e-19
1.589000e-08 1.893198e-19
1.590000e-08 1.893198e-19
1.591000e-08 1.893198e-19
1.592000e-08 1.893198e-19
1.593000e-08 1.893198e-19
1.594000e-08 1.893198e-19
1.595000e-08 1.893198e-19
1.596000e-08 1.893198e-19
1.597000e-08 1.893198e-19
1.598000e-08 1.893198e-19
1.599000e-08 1.893198e-19
1.600000e-08 1.893198e-19
1.601000e-08 1.893198e-19
1.602000e-08 1.893198e-19
1.603000e-08 1.893198e-19
1.604000e-08 1.893198e-19
1.605000e-08 1.893198e-19
1.606000e-08 1.893198e-19
1.607000e-08 1.893198e-19
1.608000e-08 1.893198e-19
1.609000e-08 1.893198e-19
1.610000e-08 1.893198e-19
1.611000e-08 1.893198e-19
1.612000e-08 1.893198e-19
1.613000e-08 1.893198e-19
1.614000e-08 1.893198e-19
1.615000e-08 1.893198e-19
1.616000e-08 1.893198e-19
1.617000e-08 1.893198e-19
1.618000e-08 1.893198e-19
1.619000e-08 1.893198e-19
1.620000e-08 1.893198e-19
1.621000e-08 1.893198e-19
1.622000e-08 1.893198e-19
1.623000e-08 1.893198e-19
1.624000e-08 1.893198e-19
1.625000e-08 1.893198e-19
1.626000e-08 1.893198e-19
1.627000e-08 1.893198e-19
1.628000e-08 1.893198e-19
1.629000e-08 1.893198e-19
1.630000e-08 1.893198e-19
1.631000e-08 1.893198e-19
1.632000e-08 1.893198e-19
1.633000e-08 1.893198e-19
1.634000e-08 1.893198e-19
1.635000e-08 1.893198e-19
1.636000e-08 1.893198e-19
1.637000e-08 1.893198e-19
1.638000e-08 1.893198e-19
1.639000e-08 1.893198e-19
1.640000e-08 1.893198e-19
1.641000e-08 1.893198e-19
1.642000e-08 1.893198e-19
1.643000e-08 1.893198e-19
1.644000e-08 1.893198e-19
1.645000e-08 1.893198e-19
1.646000e-08 1.893198e-19
1.647000e-08 1.893198e-19
1.648000e-08 1.893198e-19
1.649000e-08 1.893198e-19
1.650000e-08 1.893198e-19
1.651000e-08 1.893198e-19
1.652000e-08 1.893198e-19
1.653000e-08 1.893198e-19
1.654000e-08 1.893198e-19
1.655000e-08 1.893198e-19
1.656000e-08 1.893198e-19
1.657000e-08 1.893198e-19
1.658000e-08 1.893198e-19
1.659000e-08 1.893198e-19
1.660000e-08 1.893198e-19
1.661000e-08 1.893198e-19
1.662000e-08 1.893198e-19
1.663000e-08 1.893198e-19
1.664000e-08 1.893198e-19
1.665000e-08 1.893198e-19
1.666000e-08 1.893198e-19
1.667000e-08 1.893198e-19
1.668000e-08 1.893198e-19
1.669000e-08 1.893198e-19
1.670000e-08 1.893198e-19
1.671000e-08 1.893198e-19
1.672000e-08 1.893198e-19
1.673000e-08 1.893198e-19
1.674000e-08 1.893198e-19
1.675000e-08 1.893198e-19
1.676000e-08 1.893198e-19
1.677000e-08 1.893198e-19
1.678000e-08 1.893198e-19
1.679000e-08 1.893198e-19
1.680000e-08 1.893198e-19
1.681000e-08 1.893198e-19
1.682000e-08 1.893198e-19
1.683000e-08 1.893198e-19
1.684000e-08 1.893198e-19
1.685000e-08 1.893198e-19
1.686000e-08 1.893198e-19
1.687000e-08 1.893198e-19
1.688000e-08 1.893198e-19
1.689000e-08 1.893198e-19
1.690000e-08 1.893198e-19
1.691000e-08 1.893198e-19
1.692000e-08 1.893198e-19
1.693000e-08 1.893198e-19
1.694000e-08 1.893198e-19
1.695000e-08 1.893198e-19
1.696000e-08 1.893198e-19
1.697000e-08 1.893198e-19
1.698000e-08 1.893198e-19
1.699000e-08 1.893198e-19
1.700000e-08 1.893198e-19
1.701000e-08 1.893198e-19
1.702000e-08 1.893198e-19
1.703000e-08 1.893198e-19
1.704000e-08 1.893198e-19
1.705000e-08 1.893198e-19
1.706000e-08 1.893198e-19
1.707000e-08 1.893198e-19
1.708000e-08 1.893198e-19
1.709000e-08 1.893198e-19
1.710000e-08 1.893198e-19
1.711000e-08 1.893198e-19
1.712000e-08 1.893198e-19
1.713000e-08 1.893198e-19
1.714000e-08 1.893198e-19
1.715000e-08 1.893198e-19
1.716000e-08 1.893198e-19
1.717000e-08 1.893198e-19
1.718000e-08 1.893198e-19
1.719000e-08 1.893198e-19
1.720000e-08 1.893198e-19
1.721000e-08 1.893198e-19
1.722000e-08 1.893198e-19
1.723000e-08 1.893198e-19
1.724000e-08 1.893198e-19
1.725000e-08 1.893198e-19
1.726000e-08 1.893198e-19
1.727000e-08 1.893198e-19
1.728000e-08 1.893198e-19
1.729000e-08 1.893198e-19
1.730000e-08 1.893198e-19
1.731000e-08 1.893198e-19
1.732000e-08 1.893198e-19
1.733000e-08 1.893198e-19
1.734000e-08 1.893198e-19
1.735000e-08 1.893198e-19
1.736000e-08 1.893198e-19
1.737000e-08 1.893198e-19
1.738000e-08 1.893198e-19
1.739000e-08 1.893198e-19
1.740000e-08 1.893198e-19
1.741000e-08 1.893198e-19
1.742000e-08 1.893198e-19
1.743000e-08 1.893198e-19
1.744000e-08 1.893198e-19
1.745000e-08 1.893198e-19
1.746000e-08 1.893198e-19
1.747000e-08 1.893198e-19
1.748000e-08 1.893198e-19
1.749000e-08 1.893198e-19
1.750000e-08 1.893198e-19
1.751000e-08 1.893198e-19
1.752000e-08 1.893198e-19
1.753000e-08 1.893198e-19
1.754000e-08 1.893198e-19
1.755000e-08 1.893198e-19
1.756000e-08 1.893198e-19
1.757000e-08 1.893198e-19
1.758000e-08 1.893198e-19
1.759000e-08 1.893198e-19
1.760000e-08 1.893198e-19
1.761000e-08 1.893198e-19
1.762000e-08 1.893198e-19
1.763000e-08 1.893198e-19
1.764000e-08 1.893198e-19
1.765000e-08 1.893198e-19
1.766000e-08 1.893198e-19
1.767000e-08 1.893198e-19
1.768000e-08 1.893198e-19
1.769000e-08 1.893198e-19
1.770000e-08 1.893198e-19
1.771000e-08 1.893198e-19
1.772000e-08 1.893198e-19
1.773000e-08 1.893198e-19
1.774000e-08 1.893198e-19
1.775000e-08 1.893198e-19
1.776000e-08 1.893198e-19
1.777000e-08 1.893198e-19
1.778000e-08 1.893198e-19
1.779000e-08 1.893198e-19
1.780000e-08 1.893198e-19
1.781000e-08 1.893198e-19
1.782000e-08 1.893198e-19
1.783000e-08 1.893198e-19
1.784000e-08 1.893198e-19
1.785000e-08 1.893198e-19
1.786000e-08 1.893198e-19
1.787000e-08 1.893198e-19
1.788000e-08 1.893198e-19
1.789000e-08 1.893198e-19
1.790000e-08 1.893198e-19
1.791000e-08 1.893198e-19
1.792000e-08 1.893198e-19
1.793000e-08 1.893198e-19
1.794000e-08 1.893198e-19
1.795000e-08 1.893198e-19
1.796000e-08 1.893198e-19
1.797000e-08 1.893198e-19
1.798000e-08 1.893198e-19
1.799000e-08 1.893198e-19
