0.000000e+00 5.000000e+13
1.000000e-11 5.000000e+13
2.000000e-11 5.000000e+13
3.000000e-11 4.999999e+13
4.000000e-11 4.999999e+13
5.000000e-11 4.999999e+13
6.000000e-11 4.999998e+13
7.000000e-11 4.999997e+13
8.000000e-11 4.999996e+13
9.000000e-11 4.999995e+13
1.000000e-10 4.999994e+13
1.100000e-10 4.999993e+13
1.200000e-10 4.999992e+13
1.300000e-10 4.999990e+13
1.400000e-10 4.999989e+13
1.500000e-10 4.999987e+13
1.600000e-10 4.999985e+13
1.700000e-10 4.999983e+13
1.800000e-10 4.999981e+13
1.900000e-10 4.999979e+13
2.000000e-10 4.999977e+13
2.100000e-10 4.999974e+13
2.200000e-10 4.999972e+13
2.300000e-10 4.999969e+13
2.400000e-10 4.999967e+13
2.500000e-10 4.999964e+13
2.600000e-10 4.999961e+13
2.700000e-10 4.999958e+13
2.800000e-10 4.999954e+13
2.900000e-10 4.999951e+13
3.000000e-10 4.999948e+13
3.100000e-10 4.999944e+13
3.200000e-10 4.999940e+13
3.300000e-10 4.999936e+13
3.400000e-10 4.999932e+13
3.500000e-10 4.999928e+13
3.600000e-10 4.999924e+13
3.700000e-10 4.999920e+13
3.800000e-10 4.999915e+13
3.900000e-10 4.999910e+13
4.000000e-10 4.999906e+13
4.100000e-10 4.999901e+13
4.200000e-10 4.999896e+13
4.300000e-10 4.999890e+13
4.400000e-10 4.999885e+13
4.500000e-10 4.999880e+13
4.600000e-10 4.999874e+13
4.700000e-10 4.999868e+13
4.800000e-10 4.999862e+13
4.900000e-10 4.999856e+13
5.000000e-10 4.999850e+13
5.100000e-10 4.999844e+13
5.200000e-10 4.999837e+13
5.300000e-10 4.999831e+13
5.400000e-10 4.999824e+13
5.500000e-10 4.999817e+13
5.600000e-10 4.999810e+13
5.700000e-10 4.999803e+13
5.800000e-10 4.999795e+13
5.900000e-10 4.999788e+13
6.000000e-10 4.999780e+13
6.100000e-10 4.999772e+13
6.200000e-10 4.999764e+13
6.300000e-10 4.999756e+13
6.400000e-10 4.999748e+13
6.500000e-10 4.999739e+13
6.600000e-10 4.999731e+13
6.700000e-10 4.999722e+13
6.800000e-10 4.999713e+13
6.900000e-10 4.999704e+13
7.000000e-10 4.999694e+13
7.100000e-10 4.999685e+13
7.200000e-10 4.999675e+13
7.300000e-10 4.999665e+13
7.400000e-10 4.999655e+13
7.500000e-10 4.999645e+13
7.600000e-10 4.999634e+13
7.700000e-10 4.999623e+13
7.800000e-10 4.999613e+13
7.900000e-10 4.999602e+13
8.000000e-10 4.999590e+13
8.100000e-10 4.999579e+13
8.200000e-10 4.999567e+13
8.300000e-10 4.999555e+13
8.400000e-10 4.999543e+13
8.500000e-10 4.999531e+13
8.600000e-10 4.999519e+13
8.700000e-10 4.999506e+13
8.800000e-10 4.999493e+13
8.900000e-10 4.999480e+13
9.000000e-10 4.999466e+13
9.100000e-10 4.999453e+13
9.200000e-10 4.999439e+13
9.300000e-10 4.999425e+13
9.400000e-10 4.999411e+13
9.500000e-10 4.999396e+13
9.600000e-10 4.999381e+13
9.700000e-10 4.999366e+13
9.800000e-10 4.999351e+13
9.900000e-10 4.999336e+13
1.000000e-09 -6.800806e+09
1.010000e-09 -6.960820e+09
1.020000e-09 -7.123426e+09
1.030000e-09 -7.288654e+09
1.040000e-09 -7.456542e+09
1.050000e-09 -7.627122e+09
1.060000e-09 -7.800430e+09
1.070000e-09 -7.976502e+09
1.080000e-09 -8.155376e+09
1.090000e-09 -8.337087e+09
1.100000e-09 -8.521673e+09
1.110000e-09 -8.709173e+09
1.120000e-09 -8.899626e+09
1.130000e-09 -9.093071e+09
1.140000e-09 -9.289547e+09
1.150000e-09 -9.489097e+09
1.160000e-09 -9.691760e+09
1.170000e-09 -9.897580e+09
1.180000e-09 -1.010660e+10
1.190000e-09 -1.031886e+10
1.200000e-09 -1.053441e+10
1.210000e-09 -1.075328e+10
1.220000e-09 -1.097554e+10
1.230000e-09 -1.120121e+10
1.240000e-09 -1.143036e+10
1.250000e-09 -1.166302e+10
1.260000e-09 -1.189924e+10
1.270000e-09 -1.213908e+10
1.280000e-09 -1.238259e+10
1.290000e-09 -1.262980e+10
1.300000e-09 -1.288078e+10
1.310000e-09 -1.313558e+10
1.320000e-09 -1.339425e+10
1.330000e-09 -1.365684e+10
1.340000e-09 -1.392341e+10
1.350000e-09 -1.419401e+10
1.360000e-09 -1.446871e+10
1.370000e-09 -1.474754e+10
1.380000e-09 -1.503059e+10
1.390000e-09 -1.531789e+10
1.400000e-09 -1.560951e+10
1.410000e-09 -1.590552e+10
1.420000e-09 -1.620598e+10
1.430000e-09 -1.651093e+10
1.440000e-09 -1.682046e+10
1.450000e-09 -1.713462e+10
1.460000e-09 -1.745348e+10
1.470000e-09 -1.777710e+10
1.480000e-09 -1.810556e+10
1.490000e-09 -1.843892e+10
1.500000e-09 -1.877724e+10
1.510000e-09 -1.912060e+10
1.520000e-09 -1.946907e+10
1.530000e-09 -1.982273e+10
1.540000e-09 -2.018164e+10
1.550000e-09 -2.054588e+10
1.560000e-09 -2.091553e+10
1.570000e-09 -2.129065e+10
1.580000e-09 -2.167134e+10
1.590000e-09 -2.205767e+10
1.600000e-09 -2.244971e+10
1.610000e-09 -2.284756e+10
1.620000e-09 -2.325128e+10
1.630000e-09 -2.366098e+10
1.640000e-09 -2.407672e+10
1.650000e-09 -2.449860e+10
1.660000e-09 -2.492671e+10
1.670000e-09 -2.536113e+10
1.680000e-09 -2.580195e+10
1.690000e-09 -2.624926e+10
1.700000e-09 -2.670317e+10
1.710000e-09 -2.716375e+10
1.720000e-09 -2.763112e+10
1.730000e-09 -2.810535e+10
1.740000e-09 -2.858656e+10
1.750000e-09 -2.907484e+10
1.760000e-09 -2.957029e+10
1.770000e-09 -3.007302e+10
1.780000e-09 -3.058312e+10
1.790000e-09 -3.110071e+10
1.800000e-09 -3.162590e+10
1.810000e-09 -3.215879e+10
1.820000e-09 -3.269948e+10
1.830000e-09 -3.324811e+10
1.840000e-09 -3.380476e+10
1.850000e-09 -3.436958e+10
1.860000e-09 -3.494266e+10
1.870000e-09 -3.552413e+10
1.880000e-09 -3.611411e+10
1.890000e-09 -3.671272e+10
1.900000e-09 -3.732009e+10
1.910000e-09 -3.793634e+10
1.920000e-09 -3.856160e+10
1.930000e-09 -3.919599e+10
1.940000e-09 -3.983966e+10
1.950000e-09 -4.049273e+10
1.960000e-09 -4.115534e+10
1.970000e-09 -4.182762e+10
1.980000e-09 -4.250973e+10
1.990000e-09 -4.320178e+10
2.000000e-09 -4.390394e+10
2.010000e-09 -4.461634e+10
2.020000e-09 -4.533914e+10
2.030000e-09 -4.607248e+10
2.040000e-09 -4.681652e+10
2.050000e-09 -4.757140e+10
2.060000e-09 -4.833729e+10
2.070000e-09 -4.911435e+10
2.080000e-09 -4.990273e+10
2.090000e-09 -5.070259e+10
2.100000e-09 -5.151412e+10
2.110000e-09 -5.233746e+10
2.120000e-09 -5.317280e+10
2.130000e-09 -5.402031e+10
2.140000e-09 -5.488016e+10
2.150000e-09 -5.575253e+10
2.160000e-09 -5.663760e+10
2.170000e-09 -5.753555e+10
2.180000e-09 -5.844657e+10
2.190000e-09 -5.937086e+10
2.200000e-09 -6.030859e+10
2.210000e-09 -6.125997e+10
2.220000e-09 -6.222519e+10
2.230000e-09 -6.320446e+10
2.240000e-09 -6.419797e+10
2.250000e-09 -6.520593e+10
2.260000e-09 -6.622855e+10
2.270000e-09 -6.726604e+10
2.280000e-09 -6.831862e+10
2.290000e-09 -6.938651e+10
2.300000e-09 -7.046992e+10
2.310000e-09 -7.156908e+10
2.320000e-09 -7.268422e+10
2.330000e-09 -7.381557e+10
2.340000e-09 -7.496337e+10
2.350000e-09 -7.612784e+10
2.360000e-09 -7.730924e+10
2.370000e-09 -7.850781e+10
2.380000e-09 -7.972380e+10
2.390000e-09 -8.095745e+10
2.400000e-09 -8.220903e+10
2.410000e-09 -8.347879e+10
2.420000e-09 -8.476699e+10
2.430000e-09 -8.607391e+10
2.440000e-09 -8.739982e+10
2.450000e-09 -8.874498e+10
2.460000e-09 -9.010969e+10
2.470000e-09 -9.149421e+10
2.480000e-09 -9.289884e+10
2.490000e-09 -9.432387e+10
2.500000e-09 -9.576959e+10
2.510000e-09 -9.723631e+10
2.520000e-09 -9.872432e+10
2.530000e-09 -1.002339e+11
2.540000e-09 -1.017655e+11
2.550000e-09 -1.033193e+11
2.560000e-09 -1.048956e+11
2.570000e-09 -1.064948e+11
2.580000e-09 -1.081172e+11
2.590000e-09 -1.097632e+11
2.600000e-09 -1.114331e+11
2.610000e-09 -1.131272e+11
2.620000e-09 -1.148459e+11
2.630000e-09 -1.165896e+11
2.640000e-09 -1.183586e+11
2.650000e-09 -1.201532e+11
2.660000e-09 -1.219739e+11
2.670000e-09 -1.238210e+11
2.680000e-09 -1.256949e+11
2.690000e-09 -1.275960e+11
2.700000e-09 -1.295247e+11
2.710000e-09 -1.314814e+11
2.720000e-09 -1.334665e+11
2.730000e-09 -1.354804e+11
2.740000e-09 -1.375235e+11
2.750000e-09 -1.395962e+11
2.760000e-09 -1.416991e+11
2.770000e-09 -1.438324e+11
2.780000e-09 -1.459967e+11
2.790000e-09 -1.481924e+11
2.800000e-09 -1.504199e+11
2.810000e-09 -1.526798e+11
2.820000e-09 -1.549725e+11
2.830000e-09 -1.572984e+11
2.840000e-09 -1.596581e+11
2.850000e-09 -1.620519e+11
2.860000e-09 -1.644806e+11
2.870000e-09 -1.669444e+11
2.880000e-09 -1.694440e+11
2.890000e-09 -1.719799e+11
2.900000e-09 -1.745525e+11
2.910000e-09 -1.771625e+11
2.920000e-09 -1.798103e+11
2.930000e-09 -1.824966e+11
2.940000e-09 -1.852218e+11
2.950000e-09 -1.879865e+11
2.960000e-09 -1.907913e+11
2.970000e-09 -1.936369e+11
2.980000e-09 -1.965237e+11
2.990000e-09 -1.994523e+11
3.000000e-09 -2.024235e+11
3.010000e-09 -2.054377e+11
3.020000e-09 -2.084957e+11
3.030000e-09 -2.115980e+11
3.040000e-09 -2.147453e+11
3.050000e-09 -2.179382e+11
3.060000e-09 -2.211775e+11
3.070000e-09 -2.244637e+11
3.080000e-09 -2.277977e+11
3.090000e-09 -2.311799e+11
3.100000e-09 -2.346112e+11
3.110000e-09 -2.380923e+11
3.120000e-09 -2.416239e+11
3.130000e-09 -2.452067e+11
3.140000e-09 -2.488414e+11
3.150000e-09 -2.525289e+11
3.160000e-09 -2.562698e+11
3.170000e-09 -2.600650e+11
3.180000e-09 -2.639152e+11
3.190000e-09 -2.678213e+11
3.200000e-09 -2.717840e+11
3.210000e-09 -2.758042e+11
3.220000e-09 -2.798827e+11
3.230000e-09 -2.840203e+11
3.240000e-09 -2.882179e+11
3.250000e-09 -2.924765e+11
3.260000e-09 -2.967967e+11
3.270000e-09 -3.011796e+11
3.280000e-09 -3.056261e+11
3.290000e-09 -3.101371e+11
3.300000e-09 -3.147134e+11
3.310000e-09 -3.193562e+11
3.320000e-09 -3.240662e+11
3.330000e-09 -3.288446e+11
3.340000e-09 -3.336922e+11
3.350000e-09 -3.386102e+11
3.360000e-09 -3.435995e+11
3.370000e-09 -3.486611e+11
3.380000e-09 -3.537961e+11
3.390000e-09 -3.590056e+11
3.400000e-09 -3.642906e+11
3.410000e-09 -3.696523e+11
3.420000e-09 -3.750917e+11
3.430000e-09 -3.806100e+11
3.440000e-09 -3.862083e+11
3.450000e-09 -3.918877e+11
3.460000e-09 -3.976496e+11
3.470000e-09 -4.034950e+11
3.480000e-09 -4.094251e+11
3.490000e-09 -4.154413e+11
3.500000e-09 -4.215446e+11
3.510000e-09 -4.277365e+11
3.520000e-09 -4.340182e+11
3.530000e-09 -4.403910e+11
3.540000e-09 -4.468561e+11
3.550000e-09 -4.534150e+11
3.560000e-09 -4.600690e+11
3.570000e-09 -4.668195e+11
3.580000e-09 -4.736679e+11
3.590000e-09 -4.806156e+11
3.600000e-09 -4.876640e+11
3.610000e-09 -4.948147e+11
3.620000e-09 -5.020690e+11
3.630000e-09 -5.094285e+11
3.640000e-09 -5.168947e+11
3.650000e-09 -5.244692e+11
3.660000e-09 -5.321535e+11
3.670000e-09 -5.399493e+11
3.680000e-09 -5.478580e+11
3.690000e-09 -5.558815e+11
3.700000e-09 -5.640213e+11
3.710000e-09 -5.722791e+11
3.720000e-09 -5.806567e+11
3.730000e-09 -5.891557e+11
3.740000e-09 -5.977779e+11
3.750000e-09 -6.065252e+11
3.760000e-09 -6.153994e+11
3.770000e-09 -6.244022e+11
3.780000e-09 -6.335355e+11
3.790000e-09 -6.428013e+11
3.800000e-09 -6.522014e+11
3.810000e-09 -6.617378e+11
3.820000e-09 -6.714125e+11
3.830000e-09 -6.812275e+11
3.840000e-09 -6.911847e+11
3.850000e-09 -7.012864e+11
3.860000e-09 -7.115346e+11
3.870000e-09 -7.219313e+11
3.880000e-09 -7.324788e+11
3.890000e-09 -7.431792e+11
3.900000e-09 -7.540348e+11
3.910000e-09 -7.650477e+11
3.920000e-09 -7.762204e+11
3.930000e-09 -7.875550e+11
3.940000e-09 -7.990540e+11
3.950000e-09 -8.107198e+11
3.960000e-09 -8.225547e+11
3.970000e-09 -8.345612e+11
3.980000e-09 -8.467417e+11
3.990000e-09 -8.590989e+11
4.000000e-09 -8.716353e+11
4.010000e-09 -8.843534e+11
4.020000e-09 -8.972560e+11
4.030000e-09 -9.103456e+11
4.040000e-09 -9.236250e+11
4.050000e-09 -9.370970e+11
4.060000e-09 -9.507643e+11
4.070000e-09 -9.646297e+11
4.080000e-09 -9.786962e+11
4.090000e-09 -9.929667e+11
4.100000e-09 -1.007444e+12
4.110000e-09 -1.022131e+12
4.120000e-09 -1.037032e+12
4.130000e-09 -1.052148e+12
4.140000e-09 -1.067483e+12
4.150000e-09 -1.083041e+12
4.160000e-09 -1.098825e+12
4.170000e-09 -1.114837e+12
4.180000e-09 -1.131081e+12
4.190000e-09 -1.147561e+12
4.200000e-09 -1.164280e+12
4.210000e-09 -1.181242e+12
4.220000e-09 -1.198449e+12
4.230000e-09 -1.215906e+12
4.240000e-09 -1.233615e+12
4.250000e-09 -1.251582e+12
4.260000e-09 -1.269809e+12
4.270000e-09 -1.288301e+12
4.280000e-09 -1.307060e+12
4.290000e-09 -1.326092e+12
4.300000e-09 -1.345399e+12
4.310000e-09 -1.364987e+12
4.320000e-09 -1.384858e+12
4.330000e-09 -1.405018e+12
4.340000e-09 -1.425470e+12
4.350000e-09 -1.446218e+12
4.360000e-09 -1.467267e+12
4.370000e-09 -1.488622e+12
4.380000e-09 -1.510286e+12
4.390000e-09 -1.532264e+12
4.400000e-09 -1.554561e+12
4.410000e-09 -1.577181e+12
4.420000e-09 -1.600129e+12
4.430000e-09 -1.623410e+12
4.440000e-09 -1.647029e+12
4.450000e-09 -1.670990e+12
4.460000e-09 -1.695298e+12
4.470000e-09 -1.719959e+12
4.480000e-09 -1.744977e+12
4.490000e-09 -1.770358e+12
4.500000e-09 -1.796107e+12
4.510000e-09 -1.822230e+12
4.520000e-09 -1.848731e+12
4.530000e-09 -1.875616e+12
4.540000e-09 -1.902892e+12
4.550000e-09 -1.930562e+12
4.560000e-09 -1.958634e+12
4.570000e-09 -1.987113e+12
4.580000e-09 -2.016005e+12
4.590000e-09 -2.045316e+12
4.600000e-09 -2.075052e+12
4.610000e-09 -2.105219e+12
4.620000e-09 -2.135823e+12
4.630000e-09 -2.166871e+12
4.640000e-09 -2.198369e+12
4.650000e-09 -2.230324e+12
4.660000e-09 -2.262743e+12
4.670000e-09 -2.295631e+12
4.680000e-09 -2.328996e+12
4.690000e-09 -2.362845e+12
4.700000e-09 -2.397185e+12
4.710000e-09 -2.432022e+12
4.720000e-09 -2.467365e+12
4.730000e-09 -2.503220e+12
4.740000e-09 -2.539596e+12
4.750000e-09 -2.576498e+12
4.760000e-09 -2.613936e+12
4.770000e-09 -2.651916e+12
4.780000e-09 -2.690447e+12
4.790000e-09 -2.729537e+12
4.800000e-09 -2.769193e+12
4.810000e-09 -2.809425e+12
4.820000e-09 -2.850240e+12
4.830000e-09 -2.891646e+12
4.840000e-09 -2.933653e+12
4.850000e-09 -2.976269e+12
4.860000e-09 -3.019503e+12
4.870000e-09 -3.063364e+12
4.880000e-09 -3.107861e+12
4.890000e-09 -3.153003e+12
4.900000e-09 -3.198799e+12
4.910000e-09 -3.245260e+12
4.920000e-09 -3.292394e+12
4.930000e-09 -3.340212e+12
4.940000e-09 -3.388723e+12
4.950000e-09 -3.437937e+12
4.960000e-09 -3.487865e+12
4.970000e-09 -3.538516e+12
4.980000e-09 -3.589903e+12
4.990000e-09 -3.642034e+12
5.000000e-09 -3.687734e+12
5.010000e-09 -3.726439e+12
5.020000e-09 -3.765290e+12
5.030000e-09 -3.804286e+12
5.040000e-09 -3.843426e+12
5.050000e-09 -3.882709e+12
5.060000e-09 -3.922134e+12
5.070000e-09 -3.961699e+12
5.080000e-09 -4.001403e+12
5.090000e-09 -4.041245e+12
5.100000e-09 -4.081224e+12
5.110000e-09 -4.121339e+12
5.120000e-09 -4.161588e+12
5.130000e-09 -4.201970e+12
5.140000e-09 -4.242485e+12
5.150000e-09 -4.283130e+12
5.160000e-09 -4.323905e+12
5.170000e-09 -4.364809e+12
5.180000e-09 -4.405840e+12
5.190000e-09 -4.446997e+12
5.200000e-09 -4.488278e+12
5.210000e-09 -4.529683e+12
5.220000e-09 -4.571210e+12
5.230000e-09 -4.612859e+12
5.240000e-09 -4.654627e+12
5.250000e-09 -4.696514e+12
5.260000e-09 -4.738518e+12
5.270000e-09 -4.780639e+12
5.280000e-09 -4.822874e+12
5.290000e-09 -4.865222e+12
5.300000e-09 -4.907683e+12
5.310000e-09 -4.950255e+12
5.320000e-09 -4.992937e+12
5.330000e-09 -5.035728e+12
5.340000e-09 -5.078625e+12
5.350000e-09 -5.121629e+12
5.360000e-09 -5.164737e+12
5.370000e-09 -5.207948e+12
5.380000e-09 -5.251262e+12
5.390000e-09 -5.294676e+12
5.400000e-09 -5.338190e+12
5.410000e-09 -5.381803e+12
5.420000e-09 -5.425512e+12
5.430000e-09 -5.469316e+12
5.440000e-09 -5.513215e+12
5.450000e-09 -5.557207e+12
5.460000e-09 -5.601291e+12
5.470000e-09 -5.645465e+12
5.480000e-09 -5.689728e+12
5.490000e-09 -5.734079e+12
5.500000e-09 -5.778517e+12
5.510000e-09 -5.823039e+12
5.520000e-09 -5.867645e+12
5.530000e-09 -5.912334e+12
5.540000e-09 -5.957104e+12
5.550000e-09 -6.001953e+12
5.560000e-09 -6.046881e+12
5.570000e-09 -6.091886e+12
5.580000e-09 -6.136967e+12
5.590000e-09 -6.182122e+12
5.600000e-09 -6.227350e+12
5.610000e-09 -6.272650e+12
5.620000e-09 -6.318021e+12
5.630000e-09 -6.363460e+12
5.640000e-09 -6.408967e+12
5.650000e-09 -6.454540e+12
5.660000e-09 -6.500179e+12
5.670000e-09 -6.545880e+12
5.680000e-09 -6.591644e+12
5.690000e-09 -6.637469e+12
5.700000e-09 -6.683354e+12
5.710000e-09 -6.729297e+12
5.720000e-09 -6.775296e+12
5.730000e-09 -6.821351e+12
5.740000e-09 -6.867459e+12
5.750000e-09 -6.913621e+12
5.760000e-09 -6.959833e+12
5.770000e-09 -7.006096e+12
5.780000e-09 -7.052407e+12
5.790000e-09 -7.098765e+12
5.800000e-09 -7.145169e+12
5.810000e-09 -7.191618e+12
5.820000e-09 -7.238109e+12
5.830000e-09 -7.284642e+12
5.840000e-09 -7.331215e+12
5.850000e-09 -7.377827e+12
5.860000e-09 -7.424476e+12
5.870000e-09 -7.471162e+12
5.880000e-09 -7.517882e+12
5.890000e-09 -7.564635e+12
5.900000e-09 -7.611421e+12
5.910000e-09 -7.658236e+12
5.920000e-09 -7.705081e+12
5.930000e-09 -7.751953e+12
5.940000e-09 -7.798852e+12
5.950000e-09 -7.845776e+12
5.960000e-09 -7.892723e+12
5.970000e-09 -7.939692e+12
5.980000e-09 -7.986682e+12
5.990000e-09 -8.033691e+12
6.000000e-09 -8.080718e+12
6.010000e-09 -8.127762e+12
6.020000e-09 -8.174821e+12
6.030000e-09 -8.221893e+12
6.040000e-09 -8.268978e+12
6.050000e-09 -8.316073e+12
6.060000e-09 -8.363178e+12
6.070000e-09 -8.410291e+12
6.080000e-09 -8.457411e+12
6.090000e-09 -8.504536e+12
6.100000e-09 -8.551665e+12
6.110000e-09 -8.598796e+12
6.120000e-09 -8.645929e+12
6.130000e-09 -8.693061e+12
6.140000e-09 -8.740191e+12
6.150000e-09 -8.787318e+12
6.160000e-09 -8.834441e+12
6.170000e-09 -8.881557e+12
6.180000e-09 -8.928667e+12
6.190000e-09 -8.975767e+12
6.200000e-09 -9.022857e+12
6.210000e-09 -9.069936e+12
6.220000e-09 -9.117002e+12
6.230000e-09 -9.164053e+12
6.240000e-09 -9.211088e+12
6.250000e-09 -9.258107e+12
6.260000e-09 -9.305106e+12
6.270000e-09 -9.352086e+12
6.280000e-09 -9.399044e+12
6.290000e-09 -9.445980e+12
6.300000e-09 -9.492891e+12
6.310000e-09 -9.539777e+12
6.320000e-09 -9.586636e+12
6.330000e-09 -9.633466e+12
6.340000e-09 -9.680267e+12
6.350000e-09 -9.727036e+12
6.360000e-09 -9.773773e+12
6.370000e-09 -9.820476e+12
6.380000e-09 -9.867143e+12
6.390000e-09 -9.913774e+12
6.400000e-09 -9.960367e+12
6.410000e-09 -1.000692e+13
6.420000e-09 -1.005343e+13
6.430000e-09 -1.009990e+13
6.440000e-09 -1.014633e+13
6.450000e-09 -1.019271e+13
6.460000e-09 -1.023904e+13
6.470000e-09 -1.028533e+13
6.480000e-09 -1.033157e+13
6.490000e-09 -1.037776e+13
6.500000e-09 -1.042389e+13
6.510000e-09 -1.046997e+13
6.520000e-09 -1.051600e+13
6.530000e-09 -1.056197e+13
6.540000e-09 -1.060788e+13
6.550000e-09 -1.065374e+13
6.560000e-09 -1.069953e+13
6.570000e-09 -1.074527e+13
6.580000e-09 -1.079094e+13
6.590000e-09 -1.083654e+13
6.600000e-09 -1.088208e+13
6.610000e-09 -1.092756e+13
6.620000e-09 -1.097296e+13
6.630000e-09 -1.101830e+13
6.640000e-09 -1.106356e+13
6.650000e-09 -1.110875e+13
6.660000e-09 -1.115387e+13
6.670000e-09 -1.119891e+13
6.680000e-09 -1.124388e+13
6.690000e-09 -1.128877e+13
6.700000e-09 -1.133358e+13
6.710000e-09 -1.137831e+13
6.720000e-09 -1.142296e+13
6.730000e-09 -1.146752e+13
6.740000e-09 -1.151200e+13
6.750000e-09 -1.155639e+13
6.760000e-09 -1.160070e+13
6.770000e-09 -1.164492e+13
6.780000e-09 -1.168905e+13
6.790000e-09 -1.173309e+13
6.800000e-09 -1.177703e+13
6.810000e-09 -1.182088e+13
6.820000e-09 -1.186464e+13
6.830000e-09 -1.190830e+13
6.840000e-09 -1.195186e+13
6.850000e-09 -1.199533e+13
6.860000e-09 -1.203869e+13
6.870000e-09 -1.208195e+13
6.880000e-09 -1.212511e+13
6.890000e-09 -1.216817e+13
6.900000e-09 -1.221112e+13
6.910000e-09 -1.225396e+13
6.920000e-09 -1.229670e+13
6.930000e-09 -1.233933e+13
6.940000e-09 -1.238184e+13
6.950000e-09 -1.242425e+13
6.960000e-09 -1.246654e+13
6.970000e-09 -1.250872e+13
6.980000e-09 -1.255078e+13
6.990000e-09 -1.259273e+13
7.000000e-09 -1.263455e+13
7.010000e-09 -1.267626e+13
7.020000e-09 -1.271785e+13
7.030000e-09 -1.275932e+13
7.040000e-09 -1.280066e+13
7.050000e-09 -1.284188e+13
7.060000e-09 -1.288297e+13
7.070000e-09 -1.292394e+13
7.080000e-09 -1.296478e+13
7.090000e-09 -1.300549e+13
7.100000e-09 -1.304607e+13
7.110000e-09 -1.308652e+13
7.120000e-09 -1.312683e+13
7.130000e-09 -1.316701e+13
7.140000e-09 -1.320706e+13
7.150000e-09 -1.324697e+13
7.160000e-09 -1.328674e+13
7.170000e-09 -1.332638e+13
7.180000e-09 -1.336587e+13
7.190000e-09 -1.340523e+13
7.200000e-09 -1.344444e+13
7.210000e-09 -1.348351e+13
7.220000e-09 -1.352243e+13
7.230000e-09 -1.356121e+13
7.240000e-09 -1.359984e+13
7.250000e-09 -1.363832e+13
7.260000e-09 -1.367666e+13
7.270000e-09 -1.371484e+13
7.280000e-09 -1.375287e+13
7.290000e-09 -1.379075e+13
7.300000e-09 -1.382848e+13
7.310000e-09 -1.386605e+13
7.320000e-09 -1.390347e+13
7.330000e-09 -1.394072e+13
7.340000e-09 -1.397782e+13
7.350000e-09 -1.401476e+13
7.360000e-09 -1.405155e+13
7.370000e-09 -1.408816e+13
7.380000e-09 -1.412462e+13
7.390000e-09 -1.416091e+13
7.400000e-09 -1.419704e+13
7.410000e-09 -1.423301e+13
7.420000e-09 -1.426880e+13
7.430000e-09 -1.430443e+13
7.440000e-09 -1.433989e+13
7.450000e-09 -1.437518e+13
7.460000e-09 -1.441030e+13
7.470000e-09 -1.444524e+13
7.480000e-09 -1.448001e+13
7.490000e-09 -1.451461e+13
7.500000e-09 -1.454903e+13
7.510000e-09 -1.458328e+13
7.520000e-09 -1.461735e+13
7.530000e-09 -1.465124e+13
7.540000e-09 -1.468495e+13
7.550000e-09 -1.471849e+13
7.560000e-09 -1.475184e+13
7.570000e-09 -1.478500e+13
7.580000e-09 -1.481799e+13
7.590000e-09 -1.485079e+13
7.600000e-09 -1.488340e+13
7.610000e-09 -1.491583e+13
7.620000e-09 -1.494808e+13
7.630000e-09 -1.498013e+13
7.640000e-09 -1.501199e+13
7.650000e-09 -1.504367e+13
7.660000e-09 -1.507515e+13
7.670000e-09 -1.510644e+13
7.680000e-09 -1.513754e+13
7.690000e-09 -1.516845e+13
7.700000e-09 -1.519916e+13
7.710000e-09 -1.522967e+13
7.720000e-09 -1.525999e+13
7.730000e-09 -1.529011e+13
7.740000e-09 -1.532003e+13
7.750000e-09 -1.534975e+13
7.760000e-09 -1.537928e+13
7.770000e-09 -1.540860e+13
7.780000e-09 -1.543772e+13
7.790000e-09 -1.546664e+13
7.800000e-09 -1.549535e+13
7.810000e-09 -1.552386e+13
7.820000e-09 -1.555216e+13
7.830000e-09 -1.558026e+13
7.840000e-09 -1.560815e+13
7.850000e-09 -1.563583e+13
7.860000e-09 -1.566331e+13
7.870000e-09 -1.569057e+13
7.880000e-09 -1.571763e+13
7.890000e-09 -1.574447e+13
7.900000e-09 -1.577110e+13
7.910000e-09 -1.579752e+13
7.920000e-09 -1.582373e+13
7.930000e-09 -1.584972e+13
7.940000e-09 -1.587549e+13
7.950000e-09 -1.590105e+13
7.960000e-09 -1.592640e+13
7.970000e-09 -1.595152e+13
7.980000e-09 -1.597643e+13
7.990000e-09 -1.600112e+13
8.000000e-09 -1.602559e+13
8.010000e-09 -1.604984e+13
8.020000e-09 -1.607387e+13
8.030000e-09 -1.609768e+13
8.040000e-09 -1.612126e+13
8.050000e-09 -1.614462e+13
8.060000e-09 -1.616776e+13
8.070000e-09 -1.619068e+13
8.080000e-09 -1.621336e+13
8.090000e-09 -1.623583e+13
8.100000e-09 -1.625806e+13
8.110000e-09 -1.628007e+13
8.120000e-09 -1.630185e+13
8.130000e-09 -1.632340e+13
8.140000e-09 -1.634473e+13
8.150000e-09 -1.636582e+13
8.160000e-09 -1.638668e+13
8.170000e-09 -1.640731e+13
8.180000e-09 -1.642771e+13
8.190000e-09 -1.644788e+13
8.200000e-09 -1.646782e+13
8.210000e-09 -1.648752e+13
8.220000e-09 -1.650699e+13
8.230000e-09 -1.652622e+13
8.240000e-09 -1.654522e+13
8.250000e-09 -1.656398e+13
8.260000e-09 -1.658251e+13
8.270000e-09 -1.660080e+13
8.280000e-09 -1.661885e+13
8.290000e-09 -1.663666e+13
8.300000e-09 -1.665424e+13
8.310000e-09 -1.667157e+13
8.320000e-09 -1.668867e+13
8.330000e-09 -1.670553e+13
8.340000e-09 -1.672214e+13
8.350000e-09 -1.673852e+13
8.360000e-09 -1.675465e+13
8.370000e-09 -1.677054e+13
8.380000e-09 -1.678619e+13
8.390000e-09 -1.680160e+13
8.400000e-09 -1.681676e+13
8.410000e-09 -1.683168e+13
8.420000e-09 -1.684635e+13
8.430000e-09 -1.686078e+13
8.440000e-09 -1.687497e+13
8.450000e-09 -1.688891e+13
8.460000e-09 -1.690260e+13
8.470000e-09 -1.691605e+13
8.480000e-09 -1.692925e+13
8.490000e-09 -1.694220e+13
8.500000e-09 -1.695491e+13
8.510000e-09 -1.696736e+13
8.520000e-09 -1.697957e+13
8.530000e-09 -1.699153e+13
8.540000e-09 -1.700325e+13
8.550000e-09 -1.701471e+13
8.560000e-09 -1.702592e+13
8.570000e-09 -1.703688e+13
8.580000e-09 -1.704759e+13
8.590000e-09 -1.705805e+13
8.600000e-09 -1.706826e+13
8.610000e-09 -1.707822e+13
8.620000e-09 -1.708793e+13
8.630000e-09 -1.709739e+13
8.640000e-09 -1.710659e+13
8.650000e-09 -1.711554e+13
8.660000e-09 -1.712424e+13
8.670000e-09 -1.713268e+13
8.680000e-09 -1.714087e+13
8.690000e-09 -1.714881e+13
8.700000e-09 -1.715649e+13
8.710000e-09 -1.716392e+13
8.720000e-09 -1.717110e+13
8.730000e-09 -1.717802e+13
8.740000e-09 -1.718469e+13
8.750000e-09 -1.719110e+13
8.760000e-09 -1.719726e+13
8.770000e-09 -1.720316e+13
8.780000e-09 -1.720881e+13
8.790000e-09 -1.721420e+13
8.800000e-09 -1.721934e+13
8.810000e-09 -1.722421e+13
8.820000e-09 -1.722884e+13
8.830000e-09 -1.723321e+13
8.840000e-09 -1.723732e+13
8.850000e-09 -1.724117e+13
8.860000e-09 -1.724477e+13
8.870000e-09 -1.724811e+13
8.880000e-09 -1.725120e+13
8.890000e-09 -1.725403e+13
8.900000e-09 -1.725660e+13
8.910000e-09 -1.725891e+13
8.920000e-09 -1.726097e+13
8.930000e-09 -1.726277e+13
8.940000e-09 -1.726432e+13
8.950000e-09 -1.726560e+13
8.960000e-09 -1.726663e+13
8.970000e-09 -1.726740e+13
8.980000e-09 -1.726792e+13
8.990000e-09 -1.726817e+13
9.000000e-09 -1.726817e+13
9.010000e-09 -1.726792e+13
9.020000e-09 -1.726740e+13
9.030000e-09 -1.726663e+13
9.040000e-09 -1.726560e+13
9.050000e-09 -1.726432e+13
9.060000e-09 -1.726277e+13
9.070000e-09 -1.726097e+13
9.080000e-09 -1.725891e+13
9.090000e-09 -1.725660e+13
9.100000e-09 -1.725403e+13
9.110000e-09 -1.725120e+13
9.120000e-09 -1.724811e+13
9.130000e-09 -1.724477e+13
9.140000e-09 -1.724117e+13
9.150000e-09 -1.723732e+13
9.160000e-09 -1.723321e+13
9.170000e-09 -1.722884e+13
9.180000e-09 -1.722421e+13
9.190000e-09 -1.721934e+13
9.200000e-09 -1.721420e+13
9.210000e-09 -1.720881e+13
9.220000e-09 -1.720316e+13
9.230000e-09 -1.719726e+13
9.240000e-09 -1.719110e+13
9.250000e-09 -1.718469e+13
9.260000e-09 -1.717802e+13
9.270000e-09 -1.717110e+13
9.280000e-09 -1.716392e+13
9.290000e-09 -1.715649e+13
9.300000e-09 -1.714881e+13
9.310000e-09 -1.714087e+13
9.320000e-09 -1.713268e+13
9.330000e-09 -1.712424e+13
9.340000e-09 -1.711554e+13
9.350000e-09 -1.710659e+13
9.360000e-09 -1.709739e+13
9.370000e-09 -1.708793e+13
9.380000e-09 -1.707822e+13
9.390000e-09 -1.706826e+13
9.400000e-09 -1.705805e+13
9.410000e-09 -1.704759e+13
9.420000e-09 -1.703688e+13
9.430000e-09 -1.702592e+13
9.440000e-09 -1.701471e+13
9.450000e-09 -1.700325e+13
9.460000e-09 -1.699153e+13
9.470000e-09 -1.697957e+13
9.480000e-09 -1.696736e+13
9.490000e-09 -1.695491e+13
9.500000e-09 -1.694220e+13
9.510000e-09 -1.692925e+13
9.520000e-09 -1.691605e+13
9.530000e-09 -1.690260e+13
9.540000e-09 -1.688891e+13
9.550000e-09 -1.687497e+13
9.560000e-09 -1.686078e+13
9.570000e-09 -1.684635e+13
9.580000e-09 -1.683168e+13
9.590000e-09 -1.681676e+13
9.600000e-09 -1.680160e+13
9.610000e-09 -1.678619e+13
9.620000e-09 -1.677054e+13
9.630000e-09 -1.675465e+13
9.640000e-09 -1.673852e+13
9.650000e-09 -1.672214e+13
9.660000e-09 -1.670553e+13
9.670000e-09 -1.668867e+13
9.680000e-09 -1.667157e+13
9.690000e-09 -1.665424e+13
9.700000e-09 -1.663666e+13
9.710000e-09 -1.661885e+13
9.720000e-09 -1.660080e+13
9.730000e-09 -1.658251e+13
9.740000e-09 -1.656398e+13
9.750000e-09 -1.654522e+13
9.760000e-09 -1.652622e+13
9.770000e-09 -1.650699e+13
9.780000e-09 -1.648752e+13
9.790000e-09 -1.646782e+13
9.800000e-09 -1.644788e+13
9.810000e-09 -1.642771e+13
9.820000e-09 -1.640731e+13
9.830000e-09 -1.638668e+13
9.840000e-09 -1.636582e+13
9.850000e-09 -1.634473e+13
9.860000e-09 -1.632340e+13
9.870000e-09 -1.630185e+13
9.880000e-09 -1.628007e+13
9.890000e-09 -1.625806e+13
9.900000e-09 -1.623583e+13
9.910000e-09 -1.621336e+13
9.920000e-09 -1.619068e+13
9.930000e-09 -1.616776e+13
9.940000e-09 -1.614462e+13
9.950000e-09 -1.612126e+13
9.960000e-09 -1.609768e+13
9.970000e-09 -1.607387e+13
9.980000e-09 -1.604984e+13
9.990000e-09 -1.602559e+13
1.000000e-08 -1.600112e+13
1.001000e-08 -1.597643e+13
1.002000e-08 -1.595152e+13
1.003000e-08 -1.592640e+13
1.004000e-08 -1.590105e+13
1.005000e-08 -1.587549e+13
1.006000e-08 -1.584972e+13
1.007000e-08 -1.582373e+13
1.008000e-08 -1.579752e+13
1.009000e-08 -1.577110e+13
1.010000e-08 -1.574447e+13
1.011000e-08 -1.571763e+13
1.012000e-08 -1.569057e+13
1.013000e-08 -1.566331e+13
1.014000e-08 -1.563583e+13
1.015000e-08 -1.560815e+13
1.016000e-08 -1.558026e+13
1.017000e-08 -1.555216e+13
1.018000e-08 -1.552386e+13
1.019000e-08 -1.549535e+13
1.020000e-08 -1.546664e+13
1.021000e-08 -1.543772e+13
1.022000e-08 -1.540860e+13
1.023000e-08 -1.537928e+13
1.024000e-08 -1.534975e+13
1.025000e-08 -1.532003e+13
1.026000e-08 -1.529011e+13
1.027000e-08 -1.525999e+13
1.028000e-08 -1.522967e+13
1.029000e-08 -1.519916e+13
1.030000e-08 -1.516845e+13
1.031000e-08 -1.513754e+13
1.032000e-08 -1.510644e+13
1.033000e-08 -1.507515e+13
1.034000e-08 -1.504367e+13
1.035000e-08 -1.501199e+13
1.036000e-08 -1.498013e+13
1.037000e-08 -1.494808e+13
1.038000e-08 -1.491583e+13
1.039000e-08 -1.488340e+13
1.040000e-08 -1.485079e+13
1.041000e-08 -1.481799e+13
1.042000e-08 -1.478500e+13
1.043000e-08 -1.475184e+13
1.044000e-08 -1.471849e+13
1.045000e-08 -1.468495e+13
1.046000e-08 -1.465124e+13
1.047000e-08 -1.461735e+13
1.048000e-08 -1.458328e+13
1.049000e-08 -1.454903e+13
1.050000e-08 -1.451461e+13
1.051000e-08 -1.448001e+13
1.052000e-08 -1.444524e+13
1.053000e-08 -1.441030e+13
1.054000e-08 -1.437518e+13
1.055000e-08 -1.433989e+13
1.056000e-08 -1.430443e+13
1.057000e-08 -1.426880e+13
1.058000e-08 -1.423301e+13
1.059000e-08 -1.419704e+13
1.060000e-08 -1.416091e+13
1.061000e-08 -1.412462e+13
1.062000e-08 -1.408816e+13
1.063000e-08 -1.405155e+13
1.064000e-08 -1.401476e+13
1.065000e-08 -1.397782e+13
1.066000e-08 -1.394072e+13
1.067000e-08 -1.390347e+13
1.068000e-08 -1.386605e+13
1.069000e-08 -1.382848e+13
1.070000e-08 -1.379075e+13
1.071000e-08 -1.375287e+13
1.072000e-08 -1.371484e+13
1.073000e-08 -1.367666e+13
1.074000e-08 -1.363832e+13
1.075000e-08 -1.359984e+13
1.076000e-08 -1.356121e+13
1.077000e-08 -1.352243e+13
1.078000e-08 -1.348351e+13
1.079000e-08 -1.344444e+13
1.080000e-08 -1.340523e+13
1.081000e-08 -1.336587e+13
1.082000e-08 -1.332638e+13
1.083000e-08 -1.328674e+13
1.084000e-08 -1.324697e+13
1.085000e-08 -1.320706e+13
1.086000e-08 -1.316701e+13
1.087000e-08 -1.312683e+13
1.088000e-08 -1.308652e+13
1.089000e-08 -1.304607e+13
1.090000e-08 -1.300549e+13
1.091000e-08 -1.296478e+13
1.092000e-08 -1.292394e+13
1.093000e-08 -1.288297e+13
1.094000e-08 -1.284188e+13
1.095000e-08 -1.280066e+13
1.096000e-08 -1.275932e+13
1.097000e-08 -1.271785e+13
1.098000e-08 -1.267626e+13
1.099000e-08 -1.263455e+13
1.100000e-08 -1.259273e+13
1.101000e-08 -1.255078e+13
1.102000e-08 -1.250872e+13
1.103000e-08 -1.246654e+13
1.104000e-08 -1.242425e+13
1.105000e-08 -1.238184e+13
1.106000e-08 -1.233933e+13
1.107000e-08 -1.229670e+13
1.108000e-08 -1.225396e+13
1.109000e-08 -1.221112e+13
1.110000e-08 -1.216817e+13
1.111000e-08 -1.212511e+13
1.112000e-08 -1.208195e+13
1.113000e-08 -1.203869e+13
1.114000e-08 -1.199533e+13
1.115000e-08 -1.195186e+13
1.116000e-08 -1.190830e+13
1.117000e-08 -1.186464e+13
1.118000e-08 -1.182088e+13
1.119000e-08 -1.177703e+13
1.120000e-08 -1.173309e+13
1.121000e-08 -1.168905e+13
1.122000e-08 -1.164492e+13
1.123000e-08 -1.160070e+13
1.124000e-08 -1.155639e+13
1.125000e-08 -1.151200e+13
1.126000e-08 -1.146752e+13
1.127000e-08 -1.142296e+13
1.128000e-08 -1.137831e+13
1.129000e-08 -1.133358e+13
1.130000e-08 -1.128877e+13
1.131000e-08 -1.124388e+13
1.132000e-08 -1.119891e+13
1.133000e-08 -1.115387e+13
1.134000e-08 -1.110875e+13
1.135000e-08 -1.106356e+13
1.136000e-08 -1.101830e+13
1.137000e-08 -1.097296e+13
1.138000e-08 -1.092756e+13
1.139000e-08 -1.088208e+13
1.140000e-08 -1.083654e+13
1.141000e-08 -1.079094e+13
1.142000e-08 -1.074527e+13
1.143000e-08 -1.069953e+13
1.144000e-08 -1.065374e+13
1.145000e-08 -1.060788e+13
1.146000e-08 -1.056197e+13
1.147000e-08 -1.051600e+13
1.148000e-08 -1.046997e+13
1.149000e-08 -1.042389e+13
1.150000e-08 -1.037776e+13
1.151000e-08 -1.033157e+13
1.152000e-08 -1.028533e+13
1.153000e-08 -1.023904e+13
1.154000e-08 -1.019271e+13
1.155000e-08 -1.014633e+13
1.156000e-08 -1.009990e+13
1.157000e-08 -1.005343e+13
1.158000e-08 -1.000692e+13
1.159000e-08 -9.960367e+12
1.160000e-08 -9.913774e+12
1.161000e-08 -9.867143e+12
1.162000e-08 -9.820476e+12
1.163000e-08 -9.773773e+12
1.164000e-08 -9.727036e+12
1.165000e-08 -9.680267e+12
1.166000e-08 -9.633466e+12
1.167000e-08 -9.586636e+12
1.168000e-08 -9.539777e+12
1.169000e-08 -9.492891e+12
1.170000e-08 -9.445980e+12
1.171000e-08 -9.399044e+12
1.172000e-08 -9.352086e+12
1.173000e-08 -9.305106e+12
1.174000e-08 -9.258107e+12
1.175000e-08 -9.211088e+12
1.176000e-08 -9.164053e+12
1.177000e-08 -9.117002e+12
1.178000e-08 -9.069936e+12
1.179000e-08 -9.022857e+12
1.180000e-08 -8.975767e+12
1.181000e-08 -8.928667e+12
1.182000e-08 -8.881557e+12
1.183000e-08 -8.834441e+12
1.184000e-08 -8.787318e+12
1.185000e-08 -8.740191e+12
1.186000e-08 -8.693061e+12
1.187000e-08 -8.645929e+12
1.188000e-08 -8.598796e+12
1.189000e-08 -8.551665e+12
1.190000e-08 -8.504536e+12
1.191000e-08 -8.457411e+12
1.192000e-08 -8.410291e+12
1.193000e-08 -8.363178e+12
1.194000e-08 -8.316073e+12
1.195000e-08 -8.268978e+12
1.196000e-08 -8.221893e+12
1.197000e-08 -8.174821e+12
1.198000e-08 -8.127762e+12
1.199000e-08 -8.080718e+12
1.200000e-08 -8.033691e+12
1.201000e-08 -7.986682e+12
1.202000e-08 -7.939692e+12
1.203000e-08 -7.892723e+12
1.204000e-08 -7.845776e+12
1.205000e-08 -7.798852e+12
1.206000e-08 -7.751953e+12
1.207000e-08 -7.705081e+12
1.208000e-08 -7.658236e+12
1.209000e-08 -7.611421e+12
1.210000e-08 -7.564635e+12
1.211000e-08 -7.517882e+12
1.212000e-08 -7.471162e+12
1.213000e-08 -7.424476e+12
1.214000e-08 -7.377827e+12
1.215000e-08 -7.331215e+12
1.216000e-08 -7.284642e+12
1.217000e-08 -7.238109e+12
1.218000e-08 -7.191618e+12
1.219000e-08 -7.145169e+12
1.220000e-08 -7.098765e+12
1.221000e-08 -7.052407e+12
1.222000e-08 -7.006096e+12
1.223000e-08 -6.959833e+12
1.224000e-08 -6.913621e+12
1.225000e-08 -6.867459e+12
1.226000e-08 -6.821351e+12
1.227000e-08 -6.775296e+12
1.228000e-08 -6.729297e+12
1.229000e-08 -6.683354e+12
1.230000e-08 -6.637469e+12
1.231000e-08 -6.591644e+12
1.232000e-08 -6.545880e+12
1.233000e-08 -6.500179e+12
1.234000e-08 -6.454540e+12
1.235000e-08 -6.408967e+12
1.236000e-08 -6.363460e+12
1.237000e-08 -6.318021e+12
1.238000e-08 -6.272650e+12
1.239000e-08 -6.227350e+12
1.240000e-08 -6.182122e+12
1.241000e-08 -6.136967e+12
1.242000e-08 -6.091886e+12
1.243000e-08 -6.046881e+12
1.244000e-08 -6.001953e+12
1.245000e-08 -5.957104e+12
1.246000e-08 -5.912334e+12
1.247000e-08 -5.867645e+12
1.248000e-08 -5.823039e+12
1.249000e-08 -5.778517e+12
1.250000e-08 -5.734079e+12
1.251000e-08 -5.689728e+12
1.252000e-08 -5.645465e+12
1.253000e-08 -5.601291e+12
1.254000e-08 -5.557207e+12
1.255000e-08 -5.513215e+12
1.256000e-08 -5.469316e+12
1.257000e-08 -5.425512e+12
1.258000e-08 -5.381803e+12
1.259000e-08 -5.338190e+12
1.260000e-08 -5.294676e+12
1.261000e-08 -5.251262e+12
1.262000e-08 -5.207948e+12
1.263000e-08 -5.164737e+12
1.264000e-08 -5.121629e+12
1.265000e-08 -5.078625e+12
1.266000e-08 -5.035728e+12
1.267000e-08 -4.992937e+12
1.268000e-08 -4.950255e+12
1.269000e-08 -4.907683e+12
1.270000e-08 -4.865222e+12
1.271000e-08 -4.822874e+12
1.272000e-08 -4.780639e+12
1.273000e-08 -4.738518e+12
1.274000e-08 -4.696514e+12
1.275000e-08 -4.654627e+12
1.276000e-08 -4.612859e+12
1.277000e-08 -4.571210e+12
1.278000e-08 -4.529683e+12
1.279000e-08 -4.488278e+12
1.280000e-08 -4.446997e+12
1.281000e-08 -4.405840e+12
1.282000e-08 -4.364809e+12
1.283000e-08 -4.323905e+12
1.284000e-08 -4.283130e+12
1.285000e-08 -4.242485e+12
1.286000e-08 -4.201970e+12
1.287000e-08 -4.161588e+12
1.288000e-08 -4.121339e+12
1.289000e-08 -4.081224e+12
1.290000e-08 -4.041245e+12
1.291000e-08 -4.001403e+12
1.292000e-08 -3.961699e+12
1.293000e-08 -3.922134e+12
1.294000e-08 -3.882709e+12
1.295000e-08 -3.843426e+12
1.296000e-08 -3.804286e+12
1.297000e-08 -3.765290e+12
1.298000e-08 -3.726439e+12
1.299000e-08 -3.687734e+12
1.300000e-08 -3.642034e+12
1.301000e-08 -3.589903e+12
1.302000e-08 -3.538516e+12
1.303000e-08 -3.487865e+12
1.304000e-08 -3.437937e+12
1.305000e-08 -3.388723e+12
1.306000e-08 -3.340212e+12
1.307000e-08 -3.292394e+12
1.308000e-08 -3.245260e+12
1.309000e-08 -3.198799e+12
1.310000e-08 -3.153003e+12
1.311000e-08 -3.107861e+12
1.312000e-08 -3.063364e+12
1.313000e-08 -3.019503e+12
1.314000e-08 -2.976269e+12
1.315000e-08 -2.933653e+12
1.316000e-08 -2.891646e+12
1.317000e-08 -2.850240e+12
1.318000e-08 -2.809425e+12
1.319000e-08 -2.769193e+12
1.320000e-08 -2.729537e+12
1.321000e-08 -2.690447e+12
1.322000e-08 -2.651916e+12
1.323000e-08 -2.613936e+12
1.324000e-08 -2.576498e+12
1.325000e-08 -2.539596e+12
1.326000e-08 -2.503220e+12
1.327000e-08 -2.467365e+12
1.328000e-08 -2.432022e+12
1.329000e-08 -2.397185e+12
1.330000e-08 -2.362845e+12
1.331000e-08 -2.328996e+12
1.332000e-08 -2.295631e+12
1.333000e-08 -2.262743e+12
1.334000e-08 -2.230324e+12
1.335000e-08 -2.198369e+12
1.336000e-08 -2.166871e+12
1.337000e-08 -2.135823e+12
1.338000e-08 -2.105219e+12
1.339000e-08 -2.075052e+12
1.340000e-08 -2.045316e+12
1.341000e-08 -2.016005e+12
1.342000e-08 -1.987113e+12
1.343000e-08 -1.958634e+12
1.344000e-08 -1.930562e+12
1.345000e-08 -1.902892e+12
1.346000e-08 -1.875616e+12
1.347000e-08 -1.848731e+12
1.348000e-08 -1.822230e+12
1.349000e-08 -1.796107e+12
1.350000e-08 -1.770358e+12
1.351000e-08 -1.744977e+12
1.352000e-08 -1.719959e+12
1.353000e-08 -1.695298e+12
1.354000e-08 -1.670990e+12
1.355000e-08 -1.647029e+12
1.356000e-08 -1.623410e+12
1.357000e-08 -1.600129e+12
1.358000e-08 -1.577181e+12
1.359000e-08 -1.554561e+12
1.360000e-08 -1.532264e+12
1.361000e-08 -1.510286e+12
1.362000e-08 -1.488622e+12
1.363000e-08 -1.467267e+12
1.364000e-08 -1.446218e+12
1.365000e-08 -1.425470e+12
1.366000e-08 -1.405018e+12
1.367000e-08 -1.384858e+12
1.368000e-08 -1.364987e+12
1.369000e-08 -1.345399e+12
1.370000e-08 -1.326092e+12
1.371000e-08 -1.307060e+12
1.372000e-08 -1.288301e+12
1.373000e-08 -1.269809e+12
1.374000e-08 -1.251582e+12
1.375000e-08 -1.233615e+12
1.376000e-08 -1.215906e+12
1.377000e-08 -1.198449e+12
1.378000e-08 -1.181242e+12
1.379000e-08 -1.164280e+12
1.380000e-08 -1.147561e+12
1.381000e-08 -1.131081e+12
1.382000e-08 -1.114837e+12
1.383000e-08 -1.098825e+12
1.384000e-08 -1.083041e+12
1.385000e-08 -1.067483e+12
1.386000e-08 -1.052148e+12
1.387000e-08 -1.037032e+12
1.388000e-08 -1.022131e+12
1.389000e-08 -1.007444e+12
1.390000e-08 -9.929667e+11
1.391000e-08 -9.786962e+11
1.392000e-08 -9.646297e+11
1.393000e-08 -9.507643e+11
1.394000e-08 -9.370970e+11
1.395000e-08 -9.236250e+11
1.396000e-08 -9.103456e+11
1.397000e-08 -8.972560e+11
1.398000e-08 -8.843534e+11
1.399000e-08 -8.716353e+11
1.400000e-08 -8.590989e+11
1.401000e-08 -8.467417e+11
1.402000e-08 -8.345612e+11
1.403000e-08 -8.225547e+11
1.404000e-08 -8.107198e+11
1.405000e-08 -7.990540e+11
1.406000e-08 -7.875550e+11
1.407000e-08 -7.762204e+11
1.408000e-08 -7.650477e+11
1.409000e-08 -7.540348e+11
1.410000e-08 -7.431792e+11
1.411000e-08 -7.324788e+11
1.412000e-08 -7.219313e+11
1.413000e-08 -7.115346e+11
1.414000e-08 -7.012864e+11
1.415000e-08 -6.911847e+11
1.416000e-08 -6.812275e+11
1.417000e-08 -6.714125e+11
1.418000e-08 -6.617378e+11
1.419000e-08 -6.522014e+11
1.420000e-08 -6.428013e+11
1.421000e-08 -6.335355e+11
1.422000e-08 -6.244022e+11
1.423000e-08 -6.153994e+11
1.424000e-08 -6.065252e+11
1.425000e-08 -5.977779e+11
1.426000e-08 -5.891557e+11
1.427000e-08 -5.806567e+11
1.428000e-08 -5.722791e+11
1.429000e-08 -5.640213e+11
1.430000e-08 -5.558815e+11
1.431000e-08 -5.478580e+11
1.432000e-08 -5.399493e+11
1.433000e-08 -5.321535e+11
1.434000e-08 -5.244692e+11
1.435000e-08 -5.168947e+11
1.436000e-08 -5.094285e+11
1.437000e-08 -5.020690e+11
1.438000e-08 -4.948147e+11
1.439000e-08 -4.876640e+11
1.440000e-08 -4.806156e+11
1.441000e-08 -4.736679e+11
1.442000e-08 -4.668195e+11
1.443000e-08 -4.600690e+11
1.444000e-08 -4.534150e+11
1.445000e-08 -4.468561e+11
1.446000e-08 -4.403910e+11
1.447000e-08 -4.340182e+11
1.448000e-08 -4.277365e+11
1.449000e-08 -4.215446e+11
1.450000e-08 -4.154413e+11
1.451000e-08 -4.094251e+11
1.452000e-08 -4.034950e+11
1.453000e-08 -3.976496e+11
1.454000e-08 -3.918877e+11
1.455000e-08 -3.862083e+11
1.456000e-08 -3.806100e+11
1.457000e-08 -3.750917e+11
1.458000e-08 -3.696523e+11
1.459000e-08 -3.642906e+11
1.460000e-08 -3.590056e+11
1.461000e-08 -3.537961e+11
1.462000e-08 -3.486611e+11
1.463000e-08 -3.435995e+11
1.464000e-08 -3.386102e+11
1.465000e-08 -3.336922e+11
1.466000e-08 -3.288446e+11
1.467000e-08 -3.240662e+11
1.468000e-08 -3.193562e+11
1.469000e-08 -3.147134e+11
1.470000e-08 -3.101371e+11
1.471000e-08 -3.056261e+11
1.472000e-08 -3.011796e+11
1.473000e-08 -2.967967e+11
1.474000e-08 -2.924765e+11
1.475000e-08 -2.882179e+11
1.476000e-08 -2.840203e+11
1.477000e-08 -2.798827e+11
1.478000e-08 -2.758042e+11
1.479000e-08 -2.717840e+11
1.480000e-08 -2.678213e+11
1.481000e-08 -2.639152e+11
1.482000e-08 -2.600650e+11
1.483000e-08 -2.562698e+11
1.484000e-08 -2.525289e+11
1.485000e-08 -2.488414e+11
1.486000e-08 -2.452067e+11
1.487000e-08 -2.416239e+11
1.488000e-08 -2.380923e+11
1.489000e-08 -2.346112e+11
1.490000e-08 -2.311799e+11
1.491000e-08 -2.277977e+11
1.492000e-08 -2.244637e+11
1.493000e-08 -2.211775e+11
1.494000e-08 -2.179382e+11
1.495000e-08 -2.147453e+11
1.496000e-08 -2.115980e+11
1.497000e-08 -2.084957e+11
1.498000e-08 -2.054377e+11
1.499000e-08 -2.024235e+11
1.500000e-08 -1.994523e+11
1.501000e-08 -1.965237e+11
1.502000e-08 -1.936369e+11
1.503000e-08 -1.907913e+11
1.504000e-08 -1.879865e+11
1.505000e-08 -1.852218e+11
1.506000e-08 -1.824966e+11
1.507000e-08 -1.798103e+11
1.508000e-08 -1.771625e+11
1.509000e-08 -1.745525e+11
1.510000e-08 -1.719799e+11
1.511000e-08 -1.694440e+11
1.512000e-08 -1.669444e+11
1.513000e-08 -1.644806e+11
1.514000e-08 -1.620519e+11
1.515000e-08 -1.596581e+11
1.516000e-08 -1.572984e+11
1.517000e-08 -1.549725e+11
1.518000e-08 -1.526798e+11
1.519000e-08 -1.504199e+11
1.520000e-08 -1.481924e+11
1.521000e-08 -1.459967e+11
1.522000e-08 -1.438324e+11
1.523000e-08 -1.416991e+11
1.524000e-08 -1.395962e+11
1.525000e-08 -1.375235e+11
1.526000e-08 -1.354804e+11
1.527000e-08 -1.334665e+11
1.528000e-08 -1.314814e+11
1.529000e-08 -1.295247e+11
1.530000e-08 -1.275960e+11
1.531000e-08 -1.256949e+11
1.532000e-08 -1.238210e+11
1.533000e-08 -1.219739e+11
1.534000e-08 -1.201532e+11
1.535000e-08 -1.183586e+11
1.536000e-08 -1.165896e+11
1.537000e-08 -1.148459e+11
1.538000e-08 -1.131272e+11
1.539000e-08 -1.114331e+11
1.540000e-08 -1.097632e+11
1.541000e-08 -1.081172e+11
1.542000e-08 -1.064948e+11
1.543000e-08 -1.048956e+11
1.544000e-08 -1.033193e+11
1.545000e-08 -1.017655e+11
1.546000e-08 -1.002339e+11
1.547000e-08 -9.872432e+10
1.548000e-08 -9.723631e+10
1.549000e-08 -9.576959e+10
1.550000e-08 -9.432387e+10
1.551000e-08 -9.289884e+10
1.552000e-08 -9.149421e+10
1.553000e-08 -9.010969e+10
1.554000e-08 -8.874498e+10
1.555000e-08 -8.739982e+10
1.556000e-08 -8.607391e+10
1.557000e-08 -8.476699e+10
1.558000e-08 -8.347879e+10
1.559000e-08 -8.220903e+10
1.560000e-08 -8.095745e+10
1.561000e-08 -7.972380e+10
1.562000e-08 -7.850781e+10
1.563000e-08 -7.730924e+10
1.564000e-08 -7.612784e+10
1.565000e-08 -7.496337e+10
1.566000e-08 -7.381557e+10
1.567000e-08 -7.268422e+10
1.568000e-08 -7.156908e+10
1.569000e-08 -7.046992e+10
1.570000e-08 -6.938651e+10
1.571000e-08 -6.831862e+10
1.572000e-08 -6.726604e+10
1.573000e-08 -6.622855e+10
1.574000e-08 -6.520593e+10
1.575000e-08 -6.419797e+10
1.576000e-08 -6.320446e+10
1.577000e-08 -6.222519e+10
1.578000e-08 -6.125997e+10
1.579000e-08 -6.030859e+10
1.580000e-08 -5.937086e+10
1.581000e-08 -5.844657e+10
1.582000e-08 -5.753555e+10
1.583000e-08 -5.663760e+10
1.584000e-08 -5.575253e+10
1.585000e-08 -5.488016e+10
1.586000e-08 -5.402031e+10
1.587000e-08 -5.317280e+10
1.588000e-08 -5.233746e+10
1.589000e-08 -5.151412e+10
1.590000e-08 -5.070259e+10
1.591000e-08 -4.990273e+10
1.592000e-08 -4.911435e+10
1.593000e-08 -4.833729e+10
1.594000e-08 -4.757140e+10
1.595000e-08 -4.681652e+10
1.596000e-08 -4.607248e+10
1.597000e-08 -4.533914e+10
1.598000e-08 -4.461634e+10
1.599000e-08 -4.390394e+10
1.600000e-08 -4.320178e+10
1.601000e-08 -4.250973e+10
1.602000e-08 -4.182762e+10
1.603000e-08 -4.115534e+10
1.604000e-08 -4.049273e+10
1.605000e-08 -3.983966e+10
1.606000e-08 -3.919599e+10
1.607000e-08 -3.856160e+10
1.608000e-08 -3.793634e+10
1.609000e-08 -3.732009e+10
1.610000e-08 -3.671272e+10
1.611000e-08 -3.611411e+10
1.612000e-08 -3.552413e+10
1.613000e-08 -3.494266e+10
1.614000e-08 -3.436958e+10
1.615000e-08 -3.380476e+10
1.616000e-08 -3.324811e+10
1.617000e-08 -3.269948e+10
1.618000e-08 -3.215879e+10
1.619000e-08 -3.162590e+10
1.620000e-08 -3.110071e+10
1.621000e-08 -3.058312e+10
1.622000e-08 -3.007302e+10
1.623000e-08 -2.957029e+10
1.624000e-08 -2.907484e+10
1.625000e-08 -2.858656e+10
1.626000e-08 -2.810535e+10
1.627000e-08 -2.763112e+10
1.628000e-08 -2.716375e+10
1.629000e-08 -2.670317e+10
1.630000e-08 -2.624926e+10
1.631000e-08 -2.580195e+10
1.632000e-08 -2.536113e+10
1.633000e-08 -2.492671e+10
1.634000e-08 -2.449860e+10
1.635000e-08 -2.407672e+10
1.636000e-08 -2.366098e+10
1.637000e-08 -2.325128e+10
1.638000e-08 -2.284756e+10
1.639000e-08 -2.244971e+10
1.640000e-08 -2.205767e+10
1.641000e-08 -2.167134e+10
1.642000e-08 -2.129065e+10
1.643000e-08 -2.091553e+10
1.644000e-08 -2.054588e+10
1.645000e-08 -2.018164e+10
1.646000e-08 -1.982273e+10
1.647000e-08 -1.946907e+10
1.648000e-08 -1.912060e+10
1.649000e-08 -1.877724e+10
1.650000e-08 -1.843892e+10
1.651000e-08 -1.810556e+10
1.652000e-08 -1.777710e+10
1.653000e-08 -1.745348e+10
1.654000e-08 -1.713462e+10
1.655000e-08 -1.682046e+10
1.656000e-08 -1.651093e+10
1.657000e-08 -1.620598e+10
1.658000e-08 -1.590552e+10
1.659000e-08 -1.560951e+10
1.660000e-08 -1.531789e+10
1.661000e-08 -1.503059e+10
1.662000e-08 -1.474754e+10
1.663000e-08 -1.446871e+10
1.664000e-08 -1.419401e+10
1.665000e-08 -1.392341e+10
1.666000e-08 -1.365684e+10
1.667000e-08 -1.339425e+10
1.668000e-08 -1.313558e+10
1.669000e-08 -1.288078e+10
1.670000e-08 -1.262980e+10
1.671000e-08 -1.238259e+10
1.672000e-08 -1.213908e+10
1.673000e-08 -1.189924e+10
1.674000e-08 -1.166302e+10
1.675000e-08 -1.143036e+10
1.676000e-08 -1.120121e+10
1.677000e-08 -1.097554e+10
1.678000e-08 -1.075328e+10
1.679000e-08 -1.053441e+10
1.680000e-08 -1.031886e+10
1.681000e-08 -1.010660e+10
1.682000e-08 -9.897580e+09
1.683000e-08 -9.691760e+09
1.684000e-08 -9.489097e+09
1.685000e-08 -9.289547e+09
1.686000e-08 -9.093070e+09
1.687000e-08 -8.899626e+09
1.688000e-08 -8.709173e+09
1.689000e-08 -8.521673e+09
1.690000e-08 -8.337087e+09
1.691000e-08 -8.155376e+09
1.692000e-08 -7.976502e+09
1.693000e-08 -7.800430e+09
1.694000e-08 -7.627121e+09
1.695000e-08 -7.456541e+09
1.696000e-08 -7.288654e+09
1.697000e-08 -7.123425e+09
1.698000e-08 -6.960820e+09
1.699000e-08 -6.800806e+09
1.700000e-08 4.999336e+13
1.701000e-08 4.999351e+13
1.702000e-08 4.999366e+13
1.703000e-08 4.999381e+13
1.704000e-08 4.999396e+13
1.705000e-08 4.999411e+13
1.706000e-08 4.999425e+13
1.707000e-08 4.999439e+13
1.708000e-08 4.999453e+13
1.709000e-08 4.999466e+13
1.710000e-08 4.999480e+13
1.711000e-08 4.999493e+13
1.712000e-08 4.999506e+13
1.713000e-08 4.999519e+13
1.714000e-08 4.999531e+13
1.715000e-08 4.999543e+13
1.716000e-08 4.999555e+13
1.717000e-08 4.999567e+13
1.718000e-08 4.999579e+13
1.719000e-08 4.999590e+13
1.720000e-08 4.999602e+13
1.721000e-08 4.999613e+13
1.722000e-08 4.999623e+13
1.723000e-08 4.999634e+13
1.724000e-08 4.999645e+13
1.725000e-08 4.999655e+13
1.726000e-08 4.999665e+13
1.727000e-08 4.999675e+13
1.728000e-08 4.999685e+13
1.729000e-08 4.999694e+13
1.730000e-08 4.999704e+13
1.731000e-08 4.999713e+13
1.732000e-08 4.999722e+13
1.733000e-08 4.999731e+13
1.734000e-08 4.999739e+13
1.735000e-08 4.999748e+13
1.736000e-08 4.999756e+13
1.737000e-08 4.999764e+13
1.738000e-08 4.999772e+13
1.739000e-08 4.999780e+13
1.740000e-08 4.999788e+13
1.741000e-08 4.999795e+13
1.742000e-08 4.999803e+13
1.743000e-08 4.999810e+13
1.744000e-08 4.999817e+13
1.745000e-08 4.999824e+13
1.746000e-08 4.999831e+13
1.747000e-08 4.999837e+13
1.748000e-08 4.999844e+13
1.749000e-08 4.999850e+13
1.750000e-08 4.999856e+13
1.751000e-08 4.999862e+13
1.752000e-08 4.999868e+13
1.753000e-08 4.999874e+13
1.754000e-08 4.999880e+13
1.755000e-08 4.999885e+13
1.756000e-08 4.999890e+13
1.757000e-08 4.999896e+13
1.758000e-08 4.999901e+13
1.759000e-08 4.999906e+13
1.760000e-08 4.999910e+13
1.761000e-08 4.999915e+13
1.762000e-08 4.999920e+13
1.763000e-08 4.999924e+13
1.764000e-08 4.999928e+13
1.765000e-08 4.999932e+13
1.766000e-08 4.999936e+13
1.767000e-08 4.999940e+13
1.768000e-08 4.999944e+13
1.769000e-08 4.999948e+13
1.770000e-08 4.999951e+13
1.771000e-08 4.999954e+13
1.772000e-08 4.999958e+13
1.773000e-08 4.999961e+13
1.774000e-08 4.999964e+13
1.775000e-08 4.999967e+13
1.776000e-08 4.999969e+13
1.777000e-08 4.999972e+13
1.778000e-08 4.999974e+13
1.779000e-08 4.999977e+13
1.780000e-08 4.999979e+13
1.781000e-08 4.999981e+13
1.782000e-08 4.999983e+13
1.783000e-08 4.999985e+13
1.784000e-08 4.999987e+13
1.785000e-08 4.999989e+13
1.786000e-08 4.999990e+13
1.787000e-08 4.999992e+13
1.788000e-08 4.999993e+13
1.789000e-08 4.999994e+13
1.790000e-08 4.999995e+13
1.791000e-08 4.999996e+13
1.792000e-08 4.999997e+13
1.793000e-08 4.999998e+13
1.794000e-08 4.999999e+13
1.795000e-08 4.999999e+13
1.796000e-08 4.999999e+13
1.797000e-08 5.000000e+13
1.798000e-08 5.000000e+13
1.799000e-08 5.000000e+13
