0.000000e+00 0.000000e+00 0.000000e+00
1.000000e-11 7.575532e-06 3.010404e-05
2.000000e-11 1.515146e-05 6.020875e-05
3.000000e-11 2.272816e-05 9.031481e-05
4.000000e-11 3.030605e-05 1.204229e-04
5.000000e-11 3.788551e-05 1.505337e-04
6.000000e-11 4.546693e-05 1.806478e-04
7.000000e-11 5.305070e-05 2.107660e-04
8.000000e-11 6.063722e-05 2.408890e-04
9.000000e-11 6.822689e-05 2.710173e-04
1.000000e-10 7.582009e-05 3.011517e-04
1.100000e-10 8.341721e-05 3.312928e-04
1.200000e-10 9.101866e-05 3.614414e-04
1.300000e-10 9.862483e-05 3.915981e-04
1.400000e-10 1.062361e-04 4.217635e-04
1.500000e-10 1.138529e-04 4.519384e-04
1.600000e-10 1.214755e-04 4.821234e-04
1.700000e-10 1.291045e-04 5.123193e-04
1.800000e-10 1.367402e-04 5.425266e-04
1.900000e-10 1.443829e-04 5.727460e-04
2.000000e-10 1.520331e-04 6.029783e-04
2.100000e-10 1.596912e-04 6.332241e-04
2.200000e-10 1.673576e-04 6.634841e-04
2.300000e-10 1.750326e-04 6.937590e-04
2.400000e-10 1.827167e-04 7.240494e-04
2.500000e-10 1.904103e-04 7.543560e-04
2.600000e-10 1.981138e-04 7.846795e-04
2.700000e-10 2.058274e-04 8.150207e-04
2.800000e-10 2.135518e-04 8.453800e-04
2.900000e-10 2.212872e-04 8.757584e-04
3.000000e-10 2.290341e-04 9.061563e-04
3.100000e-10 2.367929e-04 9.365746e-04
3.200000e-10 2.445639e-04 9.670138e-04
3.300000e-10 2.523476e-04 9.974747e-04
3.400000e-10 2.601444e-04 1.027958e-03
3.500000e-10 2.679546e-04 1.058464e-03
3.600000e-10 2.757787e-04 1.088994e-03
3.700000e-10 2.836171e-04 1.119549e-03
3.800000e-10 2.914702e-04 1.150128e-03
3.900000e-10 2.993384e-04 1.180733e-03
4.000000e-10 3.072222e-04 1.211365e-03
4.100000e-10 3.151218e-04 1.242024e-03
4.200000e-10 3.230377e-04 1.272711e-03
4.300000e-10 3.309704e-04 1.303426e-03
4.400000e-10 3.389202e-04 1.334170e-03
4.500000e-10 3.468876e-04 1.364945e-03
4.600000e-10 3.548730e-04 1.395750e-03
4.700000e-10 3.628767e-04 1.426586e-03
4.800000e-10 3.708993e-04 1.457454e-03
4.900000e-10 3.789410e-04 1.488355e-03
5.000000e-10 3.870024e-04 1.519289e-03
5.100000e-10 3.950839e-04 1.550257e-03
5.200000e-10 4.031858e-04 1.581260e-03
5.300000e-10 4.113086e-04 1.612298e-03
5.400000e-10 4.194527e-04 1.643373e-03
5.500000e-10 4.276185e-04 1.674484e-03
5.600000e-10 4.358065e-04 1.705633e-03
5.700000e-10 4.440170e-04 1.736820e-03
5.800000e-10 4.522506e-04 1.768046e-03
5.900000e-10 4.605076e-04 1.799312e-03
6.000000e-10 4.687884e-04 1.830618e-03
6.100000e-10 4.770936e-04 1.861965e-03
6.200000e-10 4.854234e-04 1.893353e-03
6.300000e-10 4.937784e-04 1.924784e-03
6.400000e-10 5.021590e-04 1.956258e-03
6.500000e-10 5.105656e-04 1.987776e-03
6.600000e-10 5.189986e-04 2.019339e-03
6.700000e-10 5.274586e-04 2.050947e-03
6.800000e-10 5.359458e-04 2.082601e-03
6.900000e-10 5.444609e-04 2.114301e-03
7.000000e-10 5.530041e-04 2.146049e-03
7.100000e-10 5.615760e-04 2.177845e-03
7.200000e-10 5.701769e-04 2.209690e-03
7.300000e-10 5.788074e-04 2.241584e-03
7.400000e-10 5.874679e-04 2.273528e-03
7.500000e-10 5.961588e-04 2.305524e-03
7.600000e-10 6.048807e-04 2.337571e-03
7.700000e-10 6.136338e-04 2.369670e-03
7.800000e-10 6.224187e-04 2.401823e-03
7.900000e-10 6.312359e-04 2.434029e-03
8.000000e-10 6.400858e-04 2.466290e-03
8.100000e-10 6.489688e-04 2.498606e-03
8.200000e-10 6.578855e-04 2.530978e-03
8.300000e-10 6.668362e-04 2.563407e-03
8.400000e-10 6.758215e-04 2.595894e-03
8.500000e-10 6.848418e-04 2.628438e-03
8.600000e-10 6.938976e-04 2.661041e-03
8.700000e-10 7.029893e-04 2.693704e-03
8.800000e-10 7.121175e-04 2.726428e-03
8.900000e-10 7.212825e-04 2.759212e-03
9.000000e-10 7.304849e-04 2.792059e-03
9.100000e-10 7.397252e-04 2.824967e-03
9.200000e-10 7.490037e-04 2.857940e-03
9.300000e-10 7.583211e-04 2.890976e-03
9.400000e-10 7.676778e-04 2.924077e-03
9.500000e-10 7.770742e-04 2.957243e-03
9.600000e-10 7.865109e-04 2.990476e-03
9.700000e-10 7.959883e-04 3.023776e-03
9.800000e-10 8.055070e-04 3.057143e-03
9.900000e-10 8.150674e-04 3.090579e-03
1.000000e-09 8.246700e-04 3.124084e-03
1.010000e-09 8.343153e-04 3.157660e-03
1.020000e-09 8.440039e-04 3.191306e-03
1.030000e-09 8.537362e-04 3.225023e-03
1.040000e-09 8.635127e-04 3.258813e-03
1.050000e-09 8.733339e-04 3.292676e-03
1.060000e-09 8.832004e-04 3.326613e-03
1.070000e-09 8.931127e-04 3.360624e-03
1.080000e-09 9.030712e-04 3.394710e-03
1.090000e-09 9.130765e-04 3.428873e-03
1.100000e-09 9.231291e-04 3.463112e-03
1.110000e-09 9.332295e-04 3.497429e-03
1.120000e-09 9.433783e-04 3.531824e-03
1.130000e-09 9.535759e-04 3.566299e-03
1.140000e-09 9.638230e-04 3.600853e-03
1.150000e-09 9.741199e-04 3.635488e-03
1.160000e-09 9.844674e-04 3.670205e-03
1.170000e-09 9.948658e-04 3.705003e-03
1.180000e-09 1.005316e-03 3.739885e-03
1.190000e-09 1.015818e-03 3.774851e-03
1.200000e-09 1.026373e-03 3.809901e-03
1.210000e-09 1.036980e-03 3.845036e-03
1.220000e-09 1.047642e-03 3.880258e-03
1.230000e-09 1.058358e-03 3.915567e-03
1.240000e-09 1.069129e-03 3.950963e-03
1.250000e-09 1.079955e-03 3.986448e-03
1.260000e-09 1.090837e-03 4.022022e-03
1.270000e-09 1.101775e-03 4.057687e-03
1.280000e-09 1.112771e-03 4.093442e-03
1.290000e-09 1.123824e-03 4.129289e-03
1.300000e-09 1.134935e-03 4.165228e-03
1.310000e-09 1.146106e-03 4.201261e-03
1.320000e-09 1.157335e-03 4.237388e-03
1.330000e-09 1.168625e-03 4.273610e-03
1.340000e-09 1.179975e-03 4.309928e-03
1.350000e-09 1.191386e-03 4.346342e-03
1.360000e-09 1.202859e-03 4.382854e-03
1.370000e-09 1.214395e-03 4.419464e-03
1.380000e-09 1.225993e-03 4.456173e-03
1.390000e-09 1.237655e-03 4.492982e-03
1.400000e-09 1.249380e-03 4.529891e-03
1.410000e-09 1.261171e-03 4.566902e-03
1.420000e-09 1.273027e-03 4.604015e-03
1.430000e-09 1.284949e-03 4.641232e-03
1.440000e-09 1.296937e-03 4.678552e-03
1.450000e-09 1.308993e-03 4.715977e-03
1.460000e-09 1.321116e-03 4.753508e-03
1.470000e-09 1.333308e-03 4.791146e-03
1.480000e-09 1.345569e-03 4.828891e-03
1.490000e-09 1.357900e-03 4.866744e-03
1.500000e-09 1.370301e-03 4.904706e-03
1.510000e-09 1.382773e-03 4.942778e-03
1.520000e-09 1.395316e-03 4.980961e-03
1.530000e-09 1.407932e-03 5.019255e-03
1.540000e-09 1.420621e-03 5.057662e-03
1.550000e-09 1.433383e-03 5.096182e-03
1.560000e-09 1.446220e-03 5.134816e-03
1.570000e-09 1.459132e-03 5.173566e-03
1.580000e-09 1.472119e-03 5.212431e-03
1.590000e-09 1.485182e-03 5.251413e-03
1.600000e-09 1.498323e-03 5.290513e-03
1.610000e-09 1.511541e-03 5.329731e-03
1.620000e-09 1.524837e-03 5.369069e-03
1.630000e-09 1.538213e-03 5.408527e-03
1.640000e-09 1.551668e-03 5.448106e-03
1.650000e-09 1.565203e-03 5.487808e-03
1.660000e-09 1.578819e-03 5.527632e-03
1.670000e-09 1.592518e-03 5.567580e-03
1.680000e-09 1.606298e-03 5.607653e-03
1.690000e-09 1.620162e-03 5.647852e-03
1.700000e-09 1.634110e-03 5.688177e-03
1.710000e-09 1.648143e-03 5.728629e-03
1.720000e-09 1.662261e-03 5.769210e-03
1.730000e-09 1.676465e-03 5.809921e-03
1.740000e-09 1.690756e-03 5.850761e-03
1.750000e-09 1.705135e-03 5.891733e-03
1.760000e-09 1.719601e-03 5.932836e-03
1.770000e-09 1.734157e-03 5.974073e-03
1.780000e-09 1.748803e-03 6.015443e-03
1.790000e-09 1.763539e-03 6.056948e-03
1.800000e-09 1.778367e-03 6.098589e-03
1.810000e-09 1.793287e-03 6.140366e-03
1.820000e-09 1.808300e-03 6.182282e-03
1.830000e-09 1.823406e-03 6.224335e-03
1.840000e-09 1.838607e-03 6.266528e-03
1.850000e-09 1.853903e-03 6.308862e-03
1.860000e-09 1.869296e-03 6.351337e-03
1.870000e-09 1.884785e-03 6.393954e-03
1.880000e-09 1.900371e-03 6.436714e-03
1.890000e-09 1.916056e-03 6.479619e-03
1.900000e-09 1.931841e-03 6.522669e-03
1.910000e-09 1.947725e-03 6.565865e-03
1.920000e-09 1.963711e-03 6.609208e-03
1.930000e-09 1.979798e-03 6.652700e-03
1.940000e-09 1.995987e-03 6.696340e-03
1.950000e-09 2.012281e-03 6.740130e-03
1.960000e-09 2.028678e-03 6.784072e-03
1.970000e-09 2.045180e-03 6.828165e-03
1.980000e-09 2.061789e-03 6.872412e-03
1.990000e-09 2.078504e-03 6.916812e-03
2.000000e-09 2.095327e-03 6.961368e-03
2.010000e-09 2.112258e-03 7.006079e-03
2.020000e-09 2.129299e-03 7.050947e-03
2.030000e-09 2.146450e-03 7.095974e-03
2.040000e-09 2.163712e-03 7.141159e-03
2.050000e-09 2.181087e-03 7.186505e-03
2.060000e-09 2.198574e-03 7.232011e-03
2.070000e-09 2.216176e-03 7.277680e-03
2.080000e-09 2.233892e-03 7.323511e-03
2.090000e-09 2.251724e-03 7.369507e-03
2.100000e-09 2.269672e-03 7.415668e-03
2.110000e-09 2.287738e-03 7.461995e-03
2.120000e-09 2.305923e-03 7.508489e-03
2.130000e-09 2.324227e-03 7.555151e-03
2.140000e-09 2.342651e-03 7.601983e-03
2.150000e-09 2.361197e-03 7.648985e-03
2.160000e-09 2.379865e-03 7.696159e-03
2.170000e-09 2.398657e-03 7.743504e-03
2.180000e-09 2.417573e-03 7.791024e-03
2.190000e-09 2.436614e-03 7.838718e-03
2.200000e-09 2.455781e-03 7.886588e-03
2.210000e-09 2.475075e-03 7.934634e-03
2.220000e-09 2.494498e-03 7.982858e-03
2.230000e-09 2.514050e-03 8.031261e-03
2.240000e-09 2.533732e-03 8.079844e-03
2.250000e-09 2.553545e-03 8.128608e-03
2.260000e-09 2.573491e-03 8.177554e-03
2.270000e-09 2.593570e-03 8.226684e-03
2.280000e-09 2.613783e-03 8.275998e-03
2.290000e-09 2.634132e-03 8.325497e-03
2.300000e-09 2.654617e-03 8.375183e-03
2.310000e-09 2.675240e-03 8.425056e-03
2.320000e-09 2.696001e-03 8.475118e-03
2.330000e-09 2.716902e-03 8.525370e-03
2.340000e-09 2.737944e-03 8.575814e-03
2.350000e-09 2.759127e-03 8.626449e-03
2.360000e-09 2.780454e-03 8.677277e-03
2.370000e-09 2.801925e-03 8.728301e-03
2.380000e-09 2.823540e-03 8.779519e-03
2.390000e-09 2.845302e-03 8.830935e-03
2.400000e-09 2.867212e-03 8.882548e-03
2.410000e-09 2.889270e-03 8.934360e-03
2.420000e-09 2.911477e-03 8.986373e-03
2.430000e-09 2.933836e-03 9.038586e-03
2.440000e-09 2.956346e-03 9.091003e-03
2.450000e-09 2.979010e-03 9.143623e-03
2.460000e-09 3.001828e-03 9.196448e-03
2.470000e-09 3.024801e-03 9.249479e-03
2.480000e-09 3.047931e-03 9.302717e-03
2.490000e-09 3.071219e-03 9.356164e-03
2.500000e-09 3.094666e-03 9.409820e-03
2.510000e-09 3.118274e-03 9.463688e-03
2.520000e-09 3.142043e-03 9.517767e-03
2.530000e-09 3.165974e-03 9.572059e-03
2.540000e-09 3.190070e-03 9.626566e-03
2.550000e-09 3.214331e-03 9.681289e-03
2.560000e-09 3.238759e-03 9.736229e-03
2.570000e-09 3.263354e-03 9.791387e-03
2.580000e-09 3.288119e-03 9.846764e-03
2.590000e-09 3.313053e-03 9.902362e-03
2.600000e-09 3.338160e-03 9.958182e-03
2.610000e-09 3.363439e-03 1.001422e-02
2.620000e-09 3.388893e-03 1.007049e-02
2.630000e-09 3.414522e-03 1.012699e-02
2.640000e-09 3.440328e-03 1.018370e-02
2.650000e-09 3.466312e-03 1.024065e-02
2.660000e-09 3.492476e-03 1.029783e-02
2.670000e-09 3.518821e-03 1.035524e-02
2.680000e-09 3.545348e-03 1.041288e-02
2.690000e-09 3.572058e-03 1.047075e-02
2.700000e-09 3.598954e-03 1.052886e-02
2.710000e-09 3.626036e-03 1.058721e-02
2.720000e-09 3.653306e-03 1.064579e-02
2.730000e-09 3.680766e-03 1.070461e-02
2.740000e-09 3.708416e-03 1.076367e-02
2.750000e-09 3.736258e-03 1.082297e-02
2.760000e-09 3.764293e-03 1.088251e-02
2.770000e-09 3.792524e-03 1.094230e-02
2.780000e-09 3.820951e-03 1.100233e-02
2.790000e-09 3.849576e-03 1.106261e-02
2.800000e-09 3.878401e-03 1.112314e-02
2.810000e-09 3.907426e-03 1.118391e-02
2.820000e-09 3.936654e-03 1.124494e-02
2.830000e-09 3.966086e-03 1.130622e-02
2.840000e-09 3.995723e-03 1.136775e-02
2.850000e-09 4.025568e-03 1.142954e-02
2.860000e-09 4.055620e-03 1.149158e-02
2.870000e-09 4.085883e-03 1.155388e-02
2.880000e-09 4.116358e-03 1.161644e-02
2.890000e-09 4.147046e-03 1.167926e-02
2.900000e-09 4.177949e-03 1.174234e-02
2.910000e-09 4.209068e-03 1.180569e-02
2.920000e-09 4.240405e-03 1.186930e-02
2.930000e-09 4.271962e-03 1.193317e-02
2.940000e-09 4.303740e-03 1.199731e-02
2.950000e-09 4.335741e-03 1.206173e-02
2.960000e-09 4.367967e-03 1.212641e-02
2.970000e-09 4.400419e-03 1.219136e-02
2.980000e-09 4.433099e-03 1.225659e-02
2.990000e-09 4.466008e-03 1.232209e-02
3.000000e-09 4.499150e-03 1.238786e-02
3.010000e-09 4.532524e-03 1.245392e-02
3.020000e-09 4.566133e-03 1.252025e-02
3.030000e-09 4.599978e-03 1.258687e-02
3.040000e-09 4.634062e-03 1.265376e-02
3.050000e-09 4.668386e-03 1.272094e-02
3.060000e-09 4.702951e-03 1.278841e-02
3.070000e-09 4.737761e-03 1.285616e-02
3.080000e-09 4.772815e-03 1.292420e-02
3.090000e-09 4.808117e-03 1.299253e-02
3.100000e-09 4.843668e-03 1.306115e-02
3.110000e-09 4.879470e-03 1.313006e-02
3.120000e-09 4.915525e-03 1.319927e-02
3.130000e-09 4.951835e-03 1.326877e-02
3.140000e-09 4.988401e-03 1.333857e-02
3.150000e-09 5.025225e-03 1.340867e-02
3.160000e-09 5.062310e-03 1.347907e-02
3.170000e-09 5.099657e-03 1.354977e-02
3.180000e-09 5.137268e-03 1.362078e-02
3.190000e-09 5.175145e-03 1.369209e-02
3.200000e-09 5.213291e-03 1.376371e-02
3.210000e-09 5.251706e-03 1.383563e-02
3.220000e-09 5.290394e-03 1.390787e-02
3.230000e-09 5.329356e-03 1.398042e-02
3.240000e-09 5.368593e-03 1.405328e-02
3.250000e-09 5.408109e-03 1.412645e-02
3.260000e-09 5.447905e-03 1.419994e-02
3.270000e-09 5.487984e-03 1.427375e-02
3.280000e-09 5.528346e-03 1.434788e-02
3.290000e-09 5.568995e-03 1.442234e-02
3.300000e-09 5.609933e-03 1.449711e-02
3.310000e-09 5.651161e-03 1.457221e-02
3.320000e-09 5.692682e-03 1.464764e-02
3.330000e-09 5.734497e-03 1.472339e-02
3.340000e-09 5.776610e-03 1.479948e-02
3.350000e-09 5.819022e-03 1.487589e-02
3.360000e-09 5.861736e-03 1.495264e-02
3.370000e-09 5.904753e-03 1.502973e-02
3.380000e-09 5.948076e-03 1.510715e-02
3.390000e-09 5.991707e-03 1.518491e-02
3.400000e-09 6.035649e-03 1.526301e-02
3.410000e-09 6.079903e-03 1.534145e-02
3.420000e-09 6.124473e-03 1.542023e-02
3.430000e-09 6.169359e-03 1.549936e-02
3.440000e-09 6.214566e-03 1.557884e-02
3.450000e-09 6.260094e-03 1.565867e-02
3.460000e-09 6.305946e-03 1.573885e-02
3.470000e-09 6.352125e-03 1.581938e-02
3.480000e-09 6.398634e-03 1.590027e-02
3.490000e-09 6.445473e-03 1.598151e-02
3.500000e-09 6.492647e-03 1.606311e-02
3.510000e-09 6.540157e-03 1.614507e-02
3.520000e-09 6.588006e-03 1.622739e-02
3.530000e-09 6.636196e-03 1.631007e-02
3.540000e-09 6.684730e-03 1.639312e-02
3.550000e-09 6.733610e-03 1.647654e-02
3.560000e-09 6.782839e-03 1.656033e-02
3.570000e-09 6.832419e-03 1.664449e-02
3.580000e-09 6.882354e-03 1.672902e-02
3.590000e-09 6.932645e-03 1.681393e-02
3.600000e-09 6.983295e-03 1.689921e-02
3.610000e-09 7.034306e-03 1.698487e-02
3.620000e-09 7.085683e-03 1.707091e-02
3.630000e-09 7.137426e-03 1.715734e-02
3.640000e-09 7.189539e-03 1.724415e-02
3.650000e-09 7.242025e-03 1.733134e-02
3.660000e-09 7.294885e-03 1.741893e-02
3.670000e-09 7.348124e-03 1.750690e-02
3.680000e-09 7.401743e-03 1.759527e-02
3.690000e-09 7.455746e-03 1.768403e-02
3.700000e-09 7.510135e-03 1.777318e-02
3.710000e-09 7.564913e-03 1.786274e-02
3.720000e-09 7.620083e-03 1.795270e-02
3.730000e-09 7.675648e-03 1.804305e-02
3.740000e-09 7.731610e-03 1.813382e-02
3.750000e-09 7.787973e-03 1.822498e-02
3.760000e-09 7.844739e-03 1.831656e-02
3.770000e-09 7.901912e-03 1.840855e-02
3.780000e-09 7.959494e-03 1.850095e-02
3.790000e-09 8.017489e-03 1.859376e-02
3.800000e-09 8.075899e-03 1.868699e-02
3.810000e-09 8.134727e-03 1.878064e-02
3.820000e-09 8.193976e-03 1.887471e-02
3.830000e-09 8.253650e-03 1.896921e-02
3.840000e-09 8.313752e-03 1.906412e-02
3.850000e-09 8.374285e-03 1.915947e-02
3.860000e-09 8.435251e-03 1.925525e-02
3.870000e-09 8.496654e-03 1.935145e-02
3.880000e-09 8.558497e-03 1.944809e-02
3.890000e-09 8.620784e-03 1.954517e-02
3.900000e-09 8.683517e-03 1.964268e-02
3.910000e-09 8.746701e-03 1.974064e-02
3.920000e-09 8.810337e-03 1.983903e-02
3.930000e-09 8.874430e-03 1.993787e-02
3.940000e-09 8.938982e-03 2.003716e-02
3.950000e-09 9.003998e-03 2.013690e-02
3.960000e-09 9.069480e-03 2.023708e-02
3.970000e-09 9.135432e-03 2.033773e-02
3.980000e-09 9.201857e-03 2.043882e-02
3.990000e-09 9.268759e-03 2.054038e-02
4.000000e-09 9.336141e-03 2.064239e-02
4.010000e-09 9.404007e-03 2.074487e-02
4.020000e-09 9.472360e-03 2.084781e-02
4.030000e-09 9.541203e-03 2.095122e-02
4.040000e-09 9.610541e-03 2.105510e-02
4.050000e-09 9.680377e-03 2.115945e-02
4.060000e-09 9.750714e-03 2.126428e-02
4.070000e-09 9.821556e-03 2.136958e-02
4.080000e-09 9.892908e-03 2.147536e-02
4.090000e-09 9.964771e-03 2.158162e-02
4.100000e-09 1.003715e-02 2.168837e-02
4.110000e-09 1.011005e-02 2.179560e-02
4.120000e-09 1.018347e-02 2.190332e-02
4.130000e-09 1.025743e-02 2.201153e-02
4.140000e-09 1.033191e-02 2.212023e-02
4.150000e-09 1.040693e-02 2.222943e-02
4.160000e-09 1.048248e-02 2.233913e-02
4.170000e-09 1.055858e-02 2.244933e-02
4.180000e-09 1.063523e-02 2.256003e-02
4.190000e-09 1.071243e-02 2.267124e-02
4.200000e-09 1.079018e-02 2.278295e-02
4.210000e-09 1.086849e-02 2.289517e-02
4.220000e-09 1.094737e-02 2.300791e-02
4.230000e-09 1.102681e-02 2.312117e-02
4.240000e-09 1.110682e-02 2.323494e-02
4.250000e-09 1.118741e-02 2.334923e-02
4.260000e-09 1.126858e-02 2.346405e-02
4.270000e-09 1.135033e-02 2.357939e-02
4.280000e-09 1.143267e-02 2.369526e-02
4.290000e-09 1.151561e-02 2.381166e-02
4.300000e-09 1.159914e-02 2.392859e-02
4.310000e-09 1.168327e-02 2.404606e-02
4.320000e-09 1.176800e-02 2.416407e-02
4.330000e-09 1.185335e-02 2.428262e-02
4.340000e-09 1.193930e-02 2.440172e-02
4.350000e-09 1.202588e-02 2.452136e-02
4.360000e-09 1.211308e-02 2.464155e-02
4.370000e-09 1.220091e-02 2.476229e-02
4.380000e-09 1.228937e-02 2.488359e-02
4.390000e-09 1.237847e-02 2.500545e-02
4.400000e-09 1.246820e-02 2.512786e-02
4.410000e-09 1.255859e-02 2.525084e-02
4.420000e-09 1.264962e-02 2.537439e-02
4.430000e-09 1.274131e-02 2.549850e-02
4.440000e-09 1.283366e-02 2.562318e-02
4.450000e-09 1.292668e-02 2.574844e-02
4.460000e-09 1.302036e-02 2.587428e-02
4.470000e-09 1.311472e-02 2.600069e-02
4.480000e-09 1.320976e-02 2.612769e-02
4.490000e-09 1.330548e-02 2.625528e-02
4.500000e-09 1.340189e-02 2.638345e-02
4.510000e-09 1.349900e-02 2.651221e-02
4.520000e-09 1.359680e-02 2.664157e-02
4.530000e-09 1.369531e-02 2.677152e-02
4.540000e-09 1.379453e-02 2.690208e-02
4.550000e-09 1.389447e-02 2.703323e-02
4.560000e-09 1.399512e-02 2.716500e-02
4.570000e-09 1.409650e-02 2.729737e-02
4.580000e-09 1.419861e-02 2.743035e-02
4.590000e-09 1.430145e-02 2.756395e-02
4.600000e-09 1.440504e-02 2.769816e-02
4.610000e-09 1.450937e-02 2.783300e-02
4.620000e-09 1.461446e-02 2.796846e-02
4.630000e-09 1.472030e-02 2.810455e-02
4.640000e-09 1.482690e-02 2.824126e-02
4.650000e-09 1.493427e-02 2.837861e-02
4.660000e-09 1.504242e-02 2.851660e-02
4.670000e-09 1.515134e-02 2.865522e-02
4.680000e-09 1.526105e-02 2.879449e-02
4.690000e-09 1.537155e-02 2.893440e-02
4.700000e-09 1.548284e-02 2.907496e-02
4.710000e-09 1.559494e-02 2.921617e-02
4.720000e-09 1.570785e-02 2.935803e-02
4.730000e-09 1.582157e-02 2.950056e-02
4.740000e-09 1.593611e-02 2.964374e-02
4.750000e-09 1.605147e-02 2.978759e-02
4.760000e-09 1.616767e-02 2.993211e-02
4.770000e-09 1.628470e-02 3.007729e-02
4.780000e-09 1.640258e-02 3.022315e-02
4.790000e-09 1.652131e-02 3.036969e-02
4.800000e-09 1.664089e-02 3.051691e-02
4.810000e-09 1.676134e-02 3.066481e-02
4.820000e-09 1.688265e-02 3.081340e-02
4.830000e-09 1.700484e-02 3.096268e-02
4.840000e-09 1.712791e-02 3.111266e-02
4.850000e-09 1.725187e-02 3.126333e-02
4.860000e-09 1.737672e-02 3.141470e-02
4.870000e-09 1.750247e-02 3.156677e-02
4.880000e-09 1.762913e-02 3.171956e-02
4.890000e-09 1.775670e-02 3.187305e-02
4.900000e-09 1.788519e-02 3.202726e-02
4.910000e-09 1.801461e-02 3.218218e-02
4.920000e-09 1.814496e-02 3.233783e-02
4.930000e-09 1.827625e-02 3.249420e-02
4.940000e-09 1.840848e-02 3.265130e-02
4.950000e-09 1.854167e-02 3.280913e-02
4.960000e-09 1.867583e-02 3.296770e-02
4.970000e-09 1.881094e-02 3.312700e-02
4.980000e-09 1.894704e-02 3.328705e-02
4.990000e-09 1.908411e-02 3.344784e-02
5.000000e-09 1.920347e-02 3.358750e-02
5.010000e-09 1.930399e-02 3.370430e-02
5.020000e-09 1.940435e-02 3.382013e-02
5.030000e-09 1.950458e-02 3.393498e-02
5.040000e-09 1.960466e-02 3.404886e-02
5.050000e-09 1.970459e-02 3.416175e-02
5.060000e-09 1.980438e-02 3.427365e-02
5.070000e-09 1.990402e-02 3.438456e-02
5.080000e-09 2.000351e-02 3.449448e-02
5.090000e-09 2.010285e-02 3.460340e-02
5.100000e-09 2.020204e-02 3.471133e-02
5.110000e-09 2.030108e-02 3.481825e-02
5.120000e-09 2.039997e-02 3.492416e-02
5.130000e-09 2.049871e-02 3.502907e-02
5.140000e-09 2.059729e-02 3.513297e-02
5.150000e-09 2.069573e-02 3.523585e-02
5.160000e-09 2.079400e-02 3.533771e-02
5.170000e-09 2.089213e-02 3.543855e-02
5.180000e-09 2.099009e-02 3.553837e-02
5.190000e-09 2.108790e-02 3.563716e-02
5.200000e-09 2.118556e-02 3.573492e-02
5.210000e-09 2.128305e-02 3.583165e-02
5.220000e-09 2.138039e-02 3.592735e-02
5.230000e-09 2.147757e-02 3.602201e-02
5.240000e-09 2.157459e-02 3.611563e-02
5.250000e-09 2.167144e-02 3.620820e-02
5.260000e-09 2.176814e-02 3.629973e-02
5.270000e-09 2.186467e-02 3.639021e-02
5.280000e-09 2.196104e-02 3.647964e-02
5.290000e-09 2.205725e-02 3.656801e-02
5.300000e-09 2.215329e-02 3.665533e-02
5.310000e-09 2.224917e-02 3.674159e-02
5.320000e-09 2.234488e-02 3.682679e-02
5.330000e-09 2.244043e-02 3.691093e-02
5.340000e-09 2.253581e-02 3.699400e-02
5.350000e-09 2.263102e-02 3.707600e-02
5.360000e-09 2.272606e-02 3.715693e-02
5.370000e-09 2.282093e-02 3.723679e-02
5.380000e-09 2.291563e-02 3.731557e-02
5.390000e-09 2.301016e-02 3.739328e-02
5.400000e-09 2.310452e-02 3.746990e-02
5.410000e-09 2.319871e-02 3.754544e-02
5.420000e-09 2.329273e-02 3.761990e-02
5.430000e-09 2.338657e-02 3.769327e-02
5.440000e-09 2.348024e-02 3.776555e-02
5.450000e-09 2.357373e-02 3.783674e-02
5.460000e-09 2.366705e-02 3.790684e-02
5.470000e-09 2.376019e-02 3.797585e-02
5.480000e-09 2.385315e-02 3.804375e-02
5.490000e-09 2.394594e-02 3.811056e-02
5.500000e-09 2.403855e-02 3.817627e-02
5.510000e-09 2.413097e-02 3.824087e-02
5.520000e-09 2.422322e-02 3.830438e-02
5.530000e-09 2.431529e-02 3.836677e-02
5.540000e-09 2.440718e-02 3.842806e-02
5.550000e-09 2.449888e-02 3.848823e-02
5.560000e-09 2.459041e-02 3.854730e-02
5.570000e-09 2.468175e-02 3.860525e-02
5.580000e-09 2.477290e-02 3.866208e-02
5.590000e-09 2.486387e-02 3.871780e-02
5.600000e-09 2.495466e-02 3.877240e-02
5.610000e-09 2.504526e-02 3.882588e-02
5.620000e-09 2.513567e-02 3.887824e-02
5.630000e-09 2.522590e-02 3.892948e-02
5.640000e-09 2.531594e-02 3.897959e-02
5.650000e-09 2.540579e-02 3.902858e-02
5.660000e-09 2.549545e-02 3.907644e-02
5.670000e-09 2.558492e-02 3.912317e-02
5.680000e-09 2.567420e-02 3.916877e-02
5.690000e-09 2.576329e-02 3.921324e-02
5.700000e-09 2.585218e-02 3.925658e-02
5.710000e-09 2.594089e-02 3.929878e-02
5.720000e-09 2.602940e-02 3.933985e-02
5.730000e-09 2.611772e-02 3.937978e-02
5.740000e-09 2.620584e-02 3.941858e-02
5.750000e-09 2.629377e-02 3.945623e-02
5.760000e-09 2.638150e-02 3.949275e-02
5.770000e-09 2.646903e-02 3.952813e-02
5.780000e-09 2.655637e-02 3.956236e-02
5.790000e-09 2.664351e-02 3.959545e-02
5.800000e-09 2.673045e-02 3.962740e-02
5.810000e-09 2.681719e-02 3.965820e-02
5.820000e-09 2.690373e-02 3.968786e-02
5.830000e-09 2.699008e-02 3.971637e-02
5.840000e-09 2.707622e-02 3.974374e-02
5.850000e-09 2.716216e-02 3.976995e-02
5.860000e-09 2.724789e-02 3.979502e-02
5.870000e-09 2.733343e-02 3.981894e-02
5.880000e-09 2.741876e-02 3.984171e-02
5.890000e-09 2.750388e-02 3.986333e-02
5.900000e-09 2.758880e-02 3.988379e-02
5.910000e-09 2.767352e-02 3.990311e-02
5.920000e-09 2.775803e-02 3.992127e-02
5.930000e-09 2.784233e-02 3.993828e-02
5.940000e-09 2.792643e-02 3.995414e-02
5.950000e-09 2.801031e-02 3.996884e-02
5.960000e-09 2.809399e-02 3.998238e-02
5.970000e-09 2.817746e-02 3.999478e-02
5.980000e-09 2.826072e-02 4.000601e-02
5.990000e-09 2.834377e-02 4.001610e-02
6.000000e-09 2.842660e-02 4.002502e-02
6.010000e-09 2.850923e-02 4.003279e-02
6.020000e-09 2.859164e-02 4.003941e-02
6.030000e-09 2.867384e-02 4.004486e-02
6.040000e-09 2.875583e-02 4.004916e-02
6.050000e-09 2.883760e-02 4.005231e-02
6.060000e-09 2.891916e-02 4.005430e-02
6.070000e-09 2.900050e-02 4.005513e-02
6.080000e-09 2.908163e-02 4.005480e-02
6.090000e-09 2.916254e-02 4.005332e-02
6.100000e-09 2.924323e-02 4.005068e-02
6.110000e-09 2.932370e-02 4.004688e-02
6.120000e-09 2.940396e-02 4.004192e-02
6.130000e-09 2.948400e-02 4.003581e-02
6.140000e-09 2.956381e-02 4.002855e-02
6.150000e-09 2.964341e-02 4.002013e-02
6.160000e-09 2.972279e-02 4.001055e-02
6.170000e-09 2.980194e-02 3.999981e-02
6.180000e-09 2.988087e-02 3.998792e-02
6.190000e-09 2.995958e-02 3.997488e-02
6.200000e-09 3.003807e-02 3.996068e-02
6.210000e-09 3.011633e-02 3.994533e-02
6.220000e-09 3.019437e-02 3.992882e-02
6.230000e-09 3.027219e-02 3.991116e-02
6.240000e-09 3.034978e-02 3.989235e-02
6.250000e-09 3.042714e-02 3.987238e-02
6.260000e-09 3.050427e-02 3.985127e-02
6.270000e-09 3.058118e-02 3.982900e-02
6.280000e-09 3.065786e-02 3.980558e-02
6.290000e-09 3.073431e-02 3.978101e-02
6.300000e-09 3.081054e-02 3.975530e-02
6.310000e-09 3.088653e-02 3.972843e-02
6.320000e-09 3.096229e-02 3.970042e-02
6.330000e-09 3.103783e-02 3.967126e-02
6.340000e-09 3.111313e-02 3.964096e-02
6.350000e-09 3.118820e-02 3.960951e-02
6.360000e-09 3.126303e-02 3.957691e-02
6.370000e-09 3.133764e-02 3.954318e-02
6.380000e-09 3.141201e-02 3.950830e-02
6.390000e-09 3.148615e-02 3.947228e-02
6.400000e-09 3.156005e-02 3.943512e-02
6.410000e-09 3.163372e-02 3.939682e-02
6.420000e-09 3.170715e-02 3.935738e-02
6.430000e-09 3.178034e-02 3.931681e-02
6.440000e-09 3.185330e-02 3.927510e-02
6.450000e-09 3.192602e-02 3.923225e-02
6.460000e-09 3.199851e-02 3.918828e-02
6.470000e-09 3.207075e-02 3.914317e-02
6.480000e-09 3.214276e-02 3.909693e-02
6.490000e-09 3.221452e-02 3.904956e-02
6.500000e-09 3.228605e-02 3.900107e-02
6.510000e-09 3.235734e-02 3.895144e-02
6.520000e-09 3.242838e-02 3.890070e-02
6.530000e-09 3.249919e-02 3.884882e-02
6.540000e-09 3.256975e-02 3.879583e-02
6.550000e-09 3.264007e-02 3.874172e-02
6.560000e-09 3.271014e-02 3.868648e-02
6.570000e-09 3.277997e-02 3.863013e-02
6.580000e-09 3.284956e-02 3.857267e-02
6.590000e-09 3.291891e-02 3.851409e-02
6.600000e-09 3.298800e-02 3.845440e-02
6.610000e-09 3.305686e-02 3.839359e-02
6.620000e-09 3.312546e-02 3.833168e-02
6.630000e-09 3.319382e-02 3.826866e-02
6.640000e-09 3.326193e-02 3.820454e-02
6.650000e-09 3.332980e-02 3.813931e-02
6.660000e-09 3.339741e-02 3.807298e-02
6.670000e-09 3.346478e-02 3.800555e-02
6.680000e-09 3.353190e-02 3.793703e-02
6.690000e-09 3.359876e-02 3.786741e-02
6.700000e-09 3.366538e-02 3.779669e-02
6.710000e-09 3.373175e-02 3.772488e-02
6.720000e-09 3.379786e-02 3.765198e-02
6.730000e-09 3.386373e-02 3.757800e-02
6.740000e-09 3.392934e-02 3.750293e-02
6.750000e-09 3.399470e-02 3.742678e-02
6.760000e-09 3.405980e-02 3.734954e-02
6.770000e-09 3.412465e-02 3.727123e-02
6.780000e-09 3.418925e-02 3.719184e-02
6.790000e-09 3.425359e-02 3.711138e-02
6.800000e-09 3.431768e-02 3.702984e-02
6.810000e-09 3.438151e-02 3.694724e-02
6.820000e-09 3.444509e-02 3.686356e-02
6.830000e-09 3.450841e-02 3.677883e-02
6.840000e-09 3.457147e-02 3.669303e-02
6.850000e-09 3.463427e-02 3.660617e-02
6.860000e-09 3.469682e-02 3.651825e-02
6.870000e-09 3.475911e-02 3.642928e-02
6.880000e-09 3.482114e-02 3.633926e-02
6.890000e-09 3.488290e-02 3.624819e-02
6.900000e-09 3.494441e-02 3.615607e-02
6.910000e-09 3.500566e-02 3.606290e-02
6.920000e-09 3.506665e-02 3.596870e-02
6.930000e-09 3.512738e-02 3.587346e-02
6.940000e-09 3.518784e-02 3.577717e-02
6.950000e-09 3.524805e-02 3.567986e-02
6.960000e-09 3.530799e-02 3.558152e-02
6.970000e-09 3.536767e-02 3.548215e-02
6.980000e-09 3.542708e-02 3.538175e-02
6.990000e-09 3.548623e-02 3.528033e-02
7.000000e-09 3.554512e-02 3.517789e-02
7.010000e-09 3.560374e-02 3.507444e-02
7.020000e-09 3.566209e-02 3.496997e-02
7.030000e-09 3.572018e-02 3.486450e-02
7.040000e-09 3.577801e-02 3.475801e-02
7.050000e-09 3.583557e-02 3.465052e-02
7.060000e-09 3.589286e-02 3.454204e-02
7.070000e-09 3.594988e-02 3.443255e-02
7.080000e-09 3.600664e-02 3.432207e-02
7.090000e-09 3.606312e-02 3.421060e-02
7.100000e-09 3.611934e-02 3.409814e-02
7.110000e-09 3.617529e-02 3.398469e-02
7.120000e-09 3.623097e-02 3.387027e-02
7.130000e-09 3.628638e-02 3.375486e-02
7.140000e-09 3.634152e-02 3.363848e-02
7.150000e-09 3.639639e-02 3.352113e-02
7.160000e-09 3.645099e-02 3.340281e-02
7.170000e-09 3.650531e-02 3.328353e-02
7.180000e-09 3.655937e-02 3.316328e-02
7.190000e-09 3.661315e-02 3.304208e-02
7.200000e-09 3.666666e-02 3.291992e-02
7.210000e-09 3.671990e-02 3.279682e-02
7.220000e-09 3.677286e-02 3.267276e-02
7.230000e-09 3.682555e-02 3.254776e-02
7.240000e-09 3.687796e-02 3.242182e-02
7.250000e-09 3.693010e-02 3.229495e-02
7.260000e-09 3.698196e-02 3.216714e-02
7.270000e-09 3.703355e-02 3.203840e-02
7.280000e-09 3.708487e-02 3.190874e-02
7.290000e-09 3.713590e-02 3.177815e-02
7.300000e-09 3.718666e-02 3.164665e-02
7.310000e-09 3.723715e-02 3.151424e-02
7.320000e-09 3.728735e-02 3.138091e-02
7.330000e-09 3.733728e-02 3.124668e-02
7.340000e-09 3.738693e-02 3.111154e-02
7.350000e-09 3.743630e-02 3.097551e-02
7.360000e-09 3.748539e-02 3.083858e-02
7.370000e-09 3.753420e-02 3.070076e-02
7.380000e-09 3.758274e-02 3.056205e-02
7.390000e-09 3.763099e-02 3.042246e-02
7.400000e-09 3.767896e-02 3.028200e-02
7.410000e-09 3.772666e-02 3.014066e-02
7.420000e-09 3.777407e-02 2.999844e-02
7.430000e-09 3.782120e-02 2.985536e-02
7.440000e-09 3.786805e-02 2.971142e-02
7.450000e-09 3.791461e-02 2.956662e-02
7.460000e-09 3.796089e-02 2.942097e-02
7.470000e-09 3.800690e-02 2.927447e-02
7.480000e-09 3.805261e-02 2.912712e-02
7.490000e-09 3.809805e-02 2.897893e-02
7.500000e-09 3.814320e-02 2.882990e-02
7.510000e-09 3.818806e-02 2.868004e-02
7.520000e-09 3.823264e-02 2.852936e-02
7.530000e-09 3.827694e-02 2.837784e-02
7.540000e-09 3.832095e-02 2.822551e-02
7.550000e-09 3.836468e-02 2.807237e-02
7.560000e-09 3.840812e-02 2.791841e-02
7.570000e-09 3.845127e-02 2.776364e-02
7.580000e-09 3.849414e-02 2.760808e-02
7.590000e-09 3.853672e-02 2.745172e-02
7.600000e-09 3.857902e-02 2.729456e-02
7.610000e-09 3.862102e-02 2.713662e-02
7.620000e-09 3.866274e-02 2.697789e-02
7.630000e-09 3.870417e-02 2.681838e-02
7.640000e-09 3.874531e-02 2.665810e-02
7.650000e-09 3.878617e-02 2.649705e-02
7.660000e-09 3.882673e-02 2.633523e-02
7.670000e-09 3.886701e-02 2.617265e-02
7.680000e-09 3.890699e-02 2.600932e-02
7.690000e-09 3.894669e-02 2.584523e-02
7.700000e-09 3.898610e-02 2.568040e-02
7.710000e-09 3.902521e-02 2.551483e-02
7.720000e-09 3.906404e-02 2.534852e-02
7.730000e-09 3.910257e-02 2.518148e-02
7.740000e-09 3.914081e-02 2.501371e-02
7.750000e-09 3.917876e-02 2.484522e-02
7.760000e-09 3.921642e-02 2.467601e-02
7.770000e-09 3.925379e-02 2.450608e-02
7.780000e-09 3.929086e-02 2.433545e-02
7.790000e-09 3.932764e-02 2.416412e-02
7.800000e-09 3.936413e-02 2.399209e-02
7.810000e-09 3.940033e-02 2.381937e-02
7.820000e-09 3.943623e-02 2.364596e-02
7.830000e-09 3.947184e-02 2.347186e-02
7.840000e-09 3.950715e-02 2.329709e-02
7.850000e-09 3.954217e-02 2.312164e-02
7.860000e-09 3.957690e-02 2.294553e-02
7.870000e-09 3.961133e-02 2.276875e-02
7.880000e-09 3.964546e-02 2.259132e-02
7.890000e-09 3.967930e-02 2.241324e-02
7.900000e-09 3.971285e-02 2.223450e-02
7.910000e-09 3.974610e-02 2.205513e-02
7.920000e-09 3.977905e-02 2.187511e-02
7.930000e-09 3.981170e-02 2.169447e-02
7.940000e-09 3.984406e-02 2.151320e-02
7.950000e-09 3.987613e-02 2.133131e-02
7.960000e-09 3.990789e-02 2.114880e-02
7.970000e-09 3.993936e-02 2.096568e-02
7.980000e-09 3.997053e-02 2.078195e-02
7.990000e-09 4.000140e-02 2.059763e-02
8.000000e-09 4.003198e-02 2.041271e-02
8.010000e-09 4.006225e-02 2.022720e-02
8.020000e-09 4.009223e-02 2.004111e-02
8.030000e-09 4.012191e-02 1.985443e-02
8.040000e-09 4.015129e-02 1.966719e-02
8.050000e-09 4.018037e-02 1.947937e-02
8.060000e-09 4.020916e-02 1.929100e-02
8.070000e-09 4.023764e-02 1.910206e-02
8.080000e-09 4.026582e-02 1.891258e-02
8.090000e-09 4.029370e-02 1.872255e-02
8.100000e-09 4.032129e-02 1.853197e-02
8.110000e-09 4.034857e-02 1.834087e-02
8.120000e-09 4.037555e-02 1.814923e-02
8.130000e-09 4.040223e-02 1.795707e-02
8.140000e-09 4.042861e-02 1.776439e-02
8.150000e-09 4.045469e-02 1.757119e-02
8.160000e-09 4.048047e-02 1.737749e-02
8.170000e-09 4.050594e-02 1.718329e-02
8.180000e-09 4.053112e-02 1.698859e-02
8.190000e-09 4.055599e-02 1.679340e-02
8.200000e-09 4.058056e-02 1.659773e-02
8.210000e-09 4.060483e-02 1.640157e-02
8.220000e-09 4.062879e-02 1.620494e-02
8.230000e-09 4.065245e-02 1.600785e-02
8.240000e-09 4.067581e-02 1.581029e-02
8.250000e-09 4.069887e-02 1.561227e-02
8.260000e-09 4.072162e-02 1.541381e-02
8.270000e-09 4.074407e-02 1.521490e-02
8.280000e-09 4.076622e-02 1.501555e-02
8.290000e-09 4.078806e-02 1.481576e-02
8.300000e-09 4.080960e-02 1.461555e-02
8.310000e-09 4.083084e-02 1.441492e-02
8.320000e-09 4.085177e-02 1.421387e-02
8.330000e-09 4.087239e-02 1.401241e-02
8.340000e-09 4.089271e-02 1.381054e-02
8.350000e-09 4.091273e-02 1.360827e-02
8.360000e-09 4.093244e-02 1.340562e-02
8.370000e-09 4.095185e-02 1.320257e-02
8.380000e-09 4.097095e-02 1.299915e-02
8.390000e-09 4.098975e-02 1.279534e-02
8.400000e-09 4.100824e-02 1.259117e-02
8.410000e-09 4.102643e-02 1.238664e-02
8.420000e-09 4.104431e-02 1.218175e-02
8.430000e-09 4.106188e-02 1.197650e-02
8.440000e-09 4.107915e-02 1.177091e-02
8.450000e-09 4.109612e-02 1.156498e-02
8.460000e-09 4.111277e-02 1.135872e-02
8.470000e-09 4.112912e-02 1.115212e-02
8.480000e-09 4.114517e-02 1.094521e-02
8.490000e-09 4.116091e-02 1.073798e-02
8.500000e-09 4.117634e-02 1.053044e-02
8.510000e-09 4.119146e-02 1.032259e-02
8.520000e-09 4.120628e-02 1.011445e-02
8.530000e-09 4.122079e-02 9.906014e-03
8.540000e-09 4.123499e-02 9.697293e-03
8.550000e-09 4.124889e-02 9.488292e-03
8.560000e-09 4.126248e-02 9.279016e-03
8.570000e-09 4.127576e-02 9.069473e-03
8.580000e-09 4.128873e-02 8.859667e-03
8.590000e-09 4.130140e-02 8.649606e-03
8.600000e-09 4.131376e-02 8.439295e-03
8.610000e-09 4.132581e-02 8.228740e-03
8.620000e-09 4.133755e-02 8.017947e-03
8.630000e-09 4.134898e-02 7.806923e-03
8.640000e-09 4.136011e-02 7.595674e-03
8.650000e-09 4.137093e-02 7.384205e-03
8.660000e-09 4.138144e-02 7.172523e-03
8.670000e-09 4.139164e-02 6.960633e-03
8.680000e-09 4.140154e-02 6.748543e-03
8.690000e-09 4.141112e-02 6.536257e-03
8.700000e-09 4.142040e-02 6.323783e-03
8.710000e-09 4.142937e-02 6.111126e-03
8.720000e-09 4.143803e-02 5.898293e-03
8.730000e-09 4.144638e-02 5.685289e-03
8.740000e-09 4.145442e-02 5.472122e-03
8.750000e-09 4.146215e-02 5.258796e-03
8.760000e-09 4.146958e-02 5.045318e-03
8.770000e-09 4.147669e-02 4.831694e-03
8.780000e-09 4.148350e-02 4.617931e-03
8.790000e-09 4.149000e-02 4.404035e-03
8.800000e-09 4.149619e-02 4.190011e-03
8.810000e-09 4.150207e-02 3.975867e-03
8.820000e-09 4.150764e-02 3.761607e-03
8.830000e-09 4.151290e-02 3.547239e-03
8.840000e-09 4.151785e-02 3.332768e-03
8.850000e-09 4.152249e-02 3.118202e-03
8.860000e-09 4.152682e-02 2.903545e-03
8.870000e-09 4.153085e-02 2.688804e-03
8.880000e-09 4.153456e-02 2.473985e-03
8.890000e-09 4.153797e-02 2.259096e-03
8.900000e-09 4.154106e-02 2.044140e-03
8.910000e-09 4.154385e-02 1.829126e-03
8.920000e-09 4.154632e-02 1.614059e-03
8.930000e-09 4.154849e-02 1.398946e-03
8.940000e-09 4.155035e-02 1.183792e-03
8.950000e-09 4.155190e-02 9.686034e-04
8.960000e-09 4.155314e-02 7.533872e-04
8.970000e-09 4.155406e-02 5.381493e-04
8.980000e-09 4.155468e-02 3.228958e-04
8.990000e-09 4.155499e-02 1.076330e-04
9.000000e-09 4.155499e-02 -1.076330e-04
9.010000e-09 4.155468e-02 -3.228958e-04
9.020000e-09 4.155406e-02 -5.381493e-04
9.030000e-09 4.155314e-02 -7.533872e-04
9.040000e-09 4.155190e-02 -9.686034e-04
9.050000e-09 4.155035e-02 -1.183792e-03
9.060000e-09 4.154849e-02 -1.398946e-03
9.070000e-09 4.154632e-02 -1.614059e-03
9.080000e-09 4.154385e-02 -1.829126e-03
9.090000e-09 4.154106e-02 -2.044140e-03
9.100000e-09 4.153797e-02 -2.259096e-03
9.110000e-09 4.153456e-02 -2.473985e-03
9.120000e-09 4.153085e-02 -2.688804e-03
9.130000e-09 4.152682e-02 -2.903545e-03
9.140000e-09 4.152249e-02 -3.118202e-03
9.150000e-09 4.151785e-02 -3.332768e-03
9.160000e-09 4.151290e-02 -3.547239e-03
9.170000e-09 4.150764e-02 -3.761607e-03
9.180000e-09 4.150207e-02 -3.975867e-03
9.190000e-09 4.149619e-02 -4.190011e-03
9.200000e-09 4.149000e-02 -4.404035e-03
9.210000e-09 4.148350e-02 -4.617931e-03
9.220000e-09 4.147669e-02 -4.831694e-03
9.230000e-09 4.146958e-02 -5.045318e-03
9.240000e-09 4.146215e-02 -5.258796e-03
9.250000e-09 4.145442e-02 -5.472122e-03
9.260000e-09 4.144638e-02 -5.685289e-03
9.270000e-09 4.143803e-02 -5.898293e-03
9.280000e-09 4.142937e-02 -6.111126e-03
9.290000e-09 4.142040e-02 -6.323783e-03
9.300000e-09 4.141112e-02 -6.536257e-03
9.310000e-09 4.140154e-02 -6.748543e-03
9.320000e-09 4.139164e-02 -6.960633e-03
9.330000e-09 4.138144e-02 -7.172523e-03
9.340000e-09 4.137093e-02 -7.384205e-03
9.350000e-09 4.136011e-02 -7.595674e-03
9.360000e-09 4.134898e-02 -7.806923e-03
9.370000e-09 4.133755e-02 -8.017947e-03
9.380000e-09 4.132581e-02 -8.228740e-03
9.390000e-09 4.131376e-02 -8.439295e-03
9.400000e-09 4.130140e-02 -8.649606e-03
9.410000e-09 4.128873e-02 -8.859667e-03
9.420000e-09 4.127576e-02 -9.069473e-03
9.430000e-09 4.126248e-02 -9.279016e-03
9.440000e-09 4.124889e-02 -9.488292e-03
9.450000e-09 4.123499e-02 -9.697293e-03
9.460000e-09 4.122079e-02 -9.906014e-03
9.470000e-09 4.120628e-02 -1.011445e-02
9.480000e-09 4.119146e-02 -1.032259e-02
9.490000e-09 4.117634e-02 -1.053044e-02
9.500000e-09 4.116091e-02 -1.073798e-02
9.510000e-09 4.114517e-02 -1.094521e-02
9.520000e-09 4.112912e-02 -1.115212e-02
9.530000e-09 4.111277e-02 -1.135872e-02
9.540000e-09 4.109612e-02 -1.156498e-02
9.550000e-09 4.107915e-02 -1.177091e-02
9.560000e-09 4.106188e-02 -1.197650e-02
9.570000e-09 4.104431e-02 -1.218175e-02
9.580000e-09 4.102643e-02 -1.238664e-02
9.590000e-09 4.100824e-02 -1.259117e-02
9.600000e-09 4.098975e-02 -1.279534e-02
9.610000e-09 4.097095e-02 -1.299915e-02
9.620000e-09 4.095185e-02 -1.320257e-02
9.630000e-09 4.093244e-02 -1.340562e-02
9.640000e-09 4.091273e-02 -1.360827e-02
9.650000e-09 4.089271e-02 -1.381054e-02
9.660000e-09 4.087239e-02 -1.401241e-02
9.670000e-09 4.085177e-02 -1.421387e-02
9.680000e-09 4.083084e-02 -1.441492e-02
9.690000e-09 4.080960e-02 -1.461555e-02
9.700000e-09 4.078806e-02 -1.481576e-02
9.710000e-09 4.076622e-02 -1.501555e-02
9.720000e-09 4.074407e-02 -1.521490e-02
9.730000e-09 4.072162e-02 -1.541381e-02
9.740000e-09 4.069887e-02 -1.561227e-02
9.750000e-09 4.067581e-02 -1.581029e-02
9.760000e-09 4.065245e-02 -1.600785e-02
9.770000e-09 4.062879e-02 -1.620494e-02
9.780000e-09 4.060483e-02 -1.640157e-02
9.790000e-09 4.058056e-02 -1.659773e-02
9.800000e-09 4.055599e-02 -1.679340e-02
9.810000e-09 4.053112e-02 -1.698859e-02
9.820000e-09 4.050594e-02 -1.718329e-02
9.830000e-09 4.048047e-02 -1.737749e-02
9.840000e-09 4.045469e-02 -1.757119e-02
9.850000e-09 4.042861e-02 -1.776439e-02
9.860000e-09 4.040223e-02 -1.795707e-02
9.870000e-09 4.037555e-02 -1.814923e-02
9.880000e-09 4.034857e-02 -1.834087e-02
9.890000e-09 4.032129e-02 -1.853197e-02
9.900000e-09 4.029370e-02 -1.872255e-02
9.910000e-09 4.026582e-02 -1.891258e-02
9.920000e-09 4.023764e-02 -1.910206e-02
9.930000e-09 4.020916e-02 -1.929100e-02
9.940000e-09 4.018037e-02 -1.947937e-02
9.950000e-09 4.015129e-02 -1.966719e-02
9.960000e-09 4.012191e-02 -1.985443e-02
9.970000e-09 4.009223e-02 -2.004111e-02
9.980000e-09 4.006225e-02 -2.022720e-02
9.990000e-09 4.003198e-02 -2.041271e-02
1.000000e-08 4.000140e-02 -2.059763e-02
1.001000e-08 3.997053e-02 -2.078195e-02
1.002000e-08 3.993936e-02 -2.096568e-02
1.003000e-08 3.990789e-02 -2.114880e-02
1.004000e-08 3.987613e-02 -2.133131e-02
1.005000e-08 3.984406e-02 -2.151320e-02
1.006000e-08 3.981170e-02 -2.169447e-02
1.007000e-08 3.977905e-02 -2.187511e-02
1.008000e-08 3.974610e-02 -2.205513e-02
1.009000e-08 3.971285e-02 -2.223450e-02
1.010000e-08 3.967930e-02 -2.241324e-02
1.011000e-08 3.964546e-02 -2.259132e-02
1.012000e-08 3.961133e-02 -2.276875e-02
1.013000e-08 3.957690e-02 -2.294553e-02
1.014000e-08 3.954217e-02 -2.312164e-02
1.015000e-08 3.950715e-02 -2.329709e-02
1.016000e-08 3.947184e-02 -2.347186e-02
1.017000e-08 3.943623e-02 -2.364596e-02
1.018000e-08 3.940033e-02 -2.381937e-02
1.019000e-08 3.936413e-02 -2.399209e-02
1.020000e-08 3.932764e-02 -2.416412e-02
1.021000e-08 3.929086e-02 -2.433545e-02
1.022000e-08 3.925379e-02 -2.450608e-02
1.023000e-08 3.921642e-02 -2.467601e-02
1.024000e-08 3.917876e-02 -2.484522e-02
1.025000e-08 3.914081e-02 -2.501371e-02
1.026000e-08 3.910257e-02 -2.518148e-02
1.027000e-08 3.906404e-02 -2.534852e-02
1.028000e-08 3.902521e-02 -2.551483e-02
1.029000e-08 3.898610e-02 -2.568040e-02
1.030000e-08 3.894669e-02 -2.584523e-02
1.031000e-08 3.890699e-02 -2.600932e-02
1.032000e-08 3.886701e-02 -2.617265e-02
1.033000e-08 3.882673e-02 -2.633523e-02
1.034000e-08 3.878617e-02 -2.649705e-02
1.035000e-08 3.874531e-02 -2.665810e-02
1.036000e-08 3.870417e-02 -2.681838e-02
1.037000e-08 3.866274e-02 -2.697789e-02
1.038000e-08 3.862102e-02 -2.713662e-02
1.039000e-08 3.857902e-02 -2.729456e-02
1.040000e-08 3.853672e-02 -2.745172e-02
1.041000e-08 3.849414e-02 -2.760808e-02
1.042000e-08 3.845127e-02 -2.776364e-02
1.043000e-08 3.840812e-02 -2.791841e-02
1.044000e-08 3.836468e-02 -2.807237e-02
1.045000e-08 3.832095e-02 -2.822551e-02
1.046000e-08 3.827694e-02 -2.837784e-02
1.047000e-08 3.823264e-02 -2.852936e-02
1.048000e-08 3.818806e-02 -2.868004e-02
1.049000e-08 3.814320e-02 -2.882990e-02
1.050000e-08 3.809805e-02 -2.897893e-02
1.051000e-08 3.805261e-02 -2.912712e-02
1.052000e-08 3.800690e-02 -2.927447e-02
1.053000e-08 3.796089e-02 -2.942097e-02
1.054000e-08 3.791461e-02 -2.956662e-02
1.055000e-08 3.786805e-02 -2.971142e-02
1.056000e-08 3.782120e-02 -2.985536e-02
1.057000e-08 3.777407e-02 -2.999844e-02
1.058000e-08 3.772666e-02 -3.014066e-02
1.059000e-08 3.767896e-02 -3.028200e-02
1.060000e-08 3.763099e-02 -3.042246e-02
1.061000e-08 3.758274e-02 -3.056205e-02
1.062000e-08 3.753420e-02 -3.070076e-02
1.063000e-08 3.748539e-02 -3.083858e-02
1.064000e-08 3.743630e-02 -3.097551e-02
1.065000e-08 3.738693e-02 -3.111154e-02
1.066000e-08 3.733728e-02 -3.124668e-02
1.067000e-08 3.728735e-02 -3.138091e-02
1.068000e-08 3.723715e-02 -3.151424e-02
1.069000e-08 3.718666e-02 -3.164665e-02
1.070000e-08 3.713590e-02 -3.177815e-02
1.071000e-08 3.708487e-02 -3.190874e-02
1.072000e-08 3.703355e-02 -3.203840e-02
1.073000e-08 3.698196e-02 -3.216714e-02
1.074000e-08 3.693010e-02 -3.229495e-02
1.075000e-08 3.687796e-02 -3.242182e-02
1.076000e-08 3.682555e-02 -3.254776e-02
1.077000e-08 3.677286e-02 -3.267276e-02
1.078000e-08 3.671990e-02 -3.279682e-02
1.079000e-08 3.666666e-02 -3.291992e-02
1.080000e-08 3.661315e-02 -3.304208e-02
1.081000e-08 3.655937e-02 -3.316328e-02
1.082000e-08 3.650531e-02 -3.328353e-02
1.083000e-08 3.645099e-02 -3.340281e-02
1.084000e-08 3.639639e-02 -3.352113e-02
1.085000e-08 3.634152e-02 -3.363848e-02
1.086000e-08 3.628638e-02 -3.375486e-02
1.087000e-08 3.623097e-02 -3.387027e-02
1.088000e-08 3.617529e-02 -3.398469e-02
1.089000e-08 3.611934e-02 -3.409814e-02
1.090000e-08 3.606312e-02 -3.421060e-02
1.091000e-08 3.600664e-02 -3.432207e-02
1.092000e-08 3.594988e-02 -3.443255e-02
1.093000e-08 3.589286e-02 -3.454204e-02
1.094000e-08 3.583557e-02 -3.465052e-02
1.095000e-08 3.577801e-02 -3.475801e-02
1.096000e-08 3.572018e-02 -3.486450e-02
1.097000e-08 3.566209e-02 -3.496997e-02
1.098000e-08 3.560374e-02 -3.507444e-02
1.099000e-08 3.554512e-02 -3.517789e-02
1.100000e-08 3.548623e-02 -3.528033e-02
1.101000e-08 3.542708e-02 -3.538175e-02
1.102000e-08 3.536767e-02 -3.548215e-02
1.103000e-08 3.530799e-02 -3.558152e-02
1.104000e-08 3.524805e-02 -3.567986e-02
1.105000e-08 3.518784e-02 -3.577717e-02
1.106000e-08 3.512738e-02 -3.587346e-02
1.107000e-08 3.506665e-02 -3.596870e-02
1.108000e-08 3.500566e-02 -3.606290e-02
1.109000e-08 3.494441e-02 -3.615607e-02
1.110000e-08 3.488290e-02 -3.624819e-02
1.111000e-08 3.482114e-02 -3.633926e-02
1.112000e-08 3.475911e-02 -3.642928e-02
1.113000e-08 3.469682e-02 -3.651825e-02
1.114000e-08 3.463427e-02 -3.660617e-02
1.115000e-08 3.457147e-02 -3.669303e-02
1.116000e-08 3.450841e-02 -3.677883e-02
1.117000e-08 3.444509e-02 -3.686356e-02
1.118000e-08 3.438151e-02 -3.694724e-02
1.119000e-08 3.431768e-02 -3.702984e-02
1.120000e-08 3.425359e-02 -3.711138e-02
1.121000e-08 3.418925e-02 -3.719184e-02
1.122000e-08 3.412465e-02 -3.727123e-02
1.123000e-08 3.405980e-02 -3.734954e-02
1.124000e-08 3.399470e-02 -3.742678e-02
1.125000e-08 3.392934e-02 -3.750293e-02
1.126000e-08 3.386373e-02 -3.757800e-02
1.127000e-08 3.379786e-02 -3.765198e-02
1.128000e-08 3.373175e-02 -3.772488e-02
1.129000e-08 3.366538e-02 -3.779669e-02
1.130000e-08 3.359876e-02 -3.786741e-02
1.131000e-08 3.353190e-02 -3.793703e-02
1.132000e-08 3.346478e-02 -3.800555e-02
1.133000e-08 3.339741e-02 -3.807298e-02
1.134000e-08 3.332980e-02 -3.813931e-02
1.135000e-08 3.326193e-02 -3.820454e-02
1.136000e-08 3.319382e-02 -3.826866e-02
1.137000e-08 3.312546e-02 -3.833168e-02
1.138000e-08 3.305686e-02 -3.839359e-02
1.139000e-08 3.298800e-02 -3.845440e-02
1.140000e-08 3.291891e-02 -3.851409e-02
1.141000e-08 3.284956e-02 -3.857267e-02
1.142000e-08 3.277997e-02 -3.863013e-02
1.143000e-08 3.271014e-02 -3.868648e-02
1.144000e-08 3.264007e-02 -3.874172e-02
1.145000e-08 3.256975e-02 -3.879583e-02
1.146000e-08 3.249919e-02 -3.884882e-02
1.147000e-08 3.242838e-02 -3.890070e-02
1.148000e-08 3.235734e-02 -3.895144e-02
1.149000e-08 3.228605e-02 -3.900107e-02
1.150000e-08 3.221452e-02 -3.904956e-02
1.151000e-08 3.214276e-02 -3.909693e-02
1.152000e-08 3.207075e-02 -3.914317e-02
1.153000e-08 3.199851e-02 -3.918828e-02
1.154000e-08 3.192602e-02 -3.923225e-02
1.155000e-08 3.185330e-02 -3.927510e-02
1.156000e-08 3.178034e-02 -3.931681e-02
1.157000e-08 3.170715e-02 -3.935738e-02
1.158000e-08 3.163372e-02 -3.939682e-02
1.159000e-08 3.156005e-02 -3.943512e-02
1.160000e-08 3.148615e-02 -3.947228e-02
1.161000e-08 3.141201e-02 -3.950830e-02
1.162000e-08 3.133764e-02 -3.954318e-02
1.163000e-08 3.126303e-02 -3.957691e-02
1.164000e-08 3.118820e-02 -3.960951e-02
1.165000e-08 3.111313e-02 -3.964096e-02
1.166000e-08 3.103783e-02 -3.967126e-02
1.167000e-08 3.096229e-02 -3.970042e-02
1.168000e-08 3.088653e-02 -3.972843e-02
1.169000e-08 3.081054e-02 -3.975530e-02
1.170000e-08 3.073431e-02 -3.978101e-02
1.171000e-08 3.065786e-02 -3.980558e-02
1.172000e-08 3.058118e-02 -3.982900e-02
1.173000e-08 3.050427e-02 -3.985127e-02
1.174000e-08 3.042714e-02 -3.987238e-02
1.175000e-08 3.034978e-02 -3.989235e-02
1.176000e-08 3.027219e-02 -3.991116e-02
1.177000e-08 3.019437e-02 -3.992882e-02
1.178000e-08 3.011633e-02 -3.994533e-02
1.179000e-08 3.003807e-02 -3.996068e-02
1.180000e-08 2.995958e-02 -3.997488e-02
1.181000e-08 2.988087e-02 -3.998792e-02
1.182000e-08 2.980194e-02 -3.999981e-02
1.183000e-08 2.972279e-02 -4.001055e-02
1.184000e-08 2.964341e-02 -4.002013e-02
1.185000e-08 2.956381e-02 -4.002855e-02
1.186000e-08 2.948400e-02 -4.003581e-02
1.187000e-08 2.940396e-02 -4.004192e-02
1.188000e-08 2.932370e-02 -4.004688e-02
1.189000e-08 2.924323e-02 -4.005068e-02
1.190000e-08 2.916254e-02 -4.005332e-02
1.191000e-08 2.908163e-02 -4.005480e-02
1.192000e-08 2.900050e-02 -4.005513e-02
1.193000e-08 2.891916e-02 -4.005430e-02
1.194000e-08 2.883760e-02 -4.005231e-02
1.195000e-08 2.875583e-02 -4.004916e-02
1.196000e-08 2.867384e-02 -4.004486e-02
1.197000e-08 2.859164e-02 -4.003941e-02
1.198000e-08 2.850923e-02 -4.003279e-02
1.199000e-08 2.842660e-02 -4.002502e-02
1.200000e-08 2.834377e-02 -4.001610e-02
1.201000e-08 2.826072e-02 -4.000601e-02
1.202000e-08 2.817746e-02 -3.999478e-02
1.203000e-08 2.809399e-02 -3.998238e-02
1.204000e-08 2.801031e-02 -3.996884e-02
1.205000e-08 2.792643e-02 -3.995414e-02
1.206000e-08 2.784233e-02 -3.993828e-02
1.207000e-08 2.775803e-02 -3.992127e-02
1.208000e-08 2.767352e-02 -3.990311e-02
1.209000e-08 2.758880e-02 -3.988379e-02
1.210000e-08 2.750388e-02 -3.986333e-02
1.211000e-08 2.741876e-02 -3.984171e-02
1.212000e-08 2.733343e-02 -3.981894e-02
1.213000e-08 2.724789e-02 -3.979502e-02
1.214000e-08 2.716216e-02 -3.976995e-02
1.215000e-08 2.707622e-02 -3.974374e-02
1.216000e-08 2.699008e-02 -3.971637e-02
1.217000e-08 2.690373e-02 -3.968786e-02
1.218000e-08 2.681719e-02 -3.965820e-02
1.219000e-08 2.673045e-02 -3.962740e-02
1.220000e-08 2.664351e-02 -3.959545e-02
1.221000e-08 2.655637e-02 -3.956236e-02
1.222000e-08 2.646903e-02 -3.952813e-02
1.223000e-08 2.638150e-02 -3.949275e-02
1.224000e-08 2.629377e-02 -3.945623e-02
1.225000e-08 2.620584e-02 -3.941858e-02
1.226000e-08 2.611772e-02 -3.937978e-02
1.227000e-08 2.602940e-02 -3.933985e-02
1.228000e-08 2.594089e-02 -3.929878e-02
1.229000e-08 2.585218e-02 -3.925658e-02
1.230000e-08 2.576329e-02 -3.921324e-02
1.231000e-08 2.567420e-02 -3.916877e-02
1.232000e-08 2.558492e-02 -3.912317e-02
1.233000e-08 2.549545e-02 -3.907644e-02
1.234000e-08 2.540579e-02 -3.902858e-02
1.235000e-08 2.531594e-02 -3.897959e-02
1.236000e-08 2.522590e-02 -3.892948e-02
1.237000e-08 2.513567e-02 -3.887824e-02
1.238000e-08 2.504526e-02 -3.882588e-02
1.239000e-08 2.495466e-02 -3.877240e-02
1.240000e-08 2.486387e-02 -3.871780e-02
1.241000e-08 2.477290e-02 -3.866208e-02
1.242000e-08 2.468175e-02 -3.860525e-02
1.243000e-08 2.459041e-02 -3.854730e-02
1.244000e-08 2.449888e-02 -3.848823e-02
1.245000e-08 2.440718e-02 -3.842806e-02
1.246000e-08 2.431529e-02 -3.836677e-02
1.247000e-08 2.422322e-02 -3.830438e-02
1.248000e-08 2.413097e-02 -3.824087e-02
1.249000e-08 2.403855e-02 -3.817627e-02
1.250000e-08 2.394594e-02 -3.811056e-02
1.251000e-08 2.385315e-02 -3.804375e-02
1.252000e-08 2.376019e-02 -3.797585e-02
1.253000e-08 2.366705e-02 -3.790684e-02
1.254000e-08 2.357373e-02 -3.783674e-02
1.255000e-08 2.348024e-02 -3.776555e-02
1.256000e-08 2.338657e-02 -3.769327e-02
1.257000e-08 2.329273e-02 -3.761990e-02
1.258000e-08 2.319871e-02 -3.754544e-02
1.259000e-08 2.310452e-02 -3.746990e-02
1.260000e-08 2.301016e-02 -3.739328e-02
1.261000e-08 2.291563e-02 -3.731557e-02
1.262000e-08 2.282093e-02 -3.723679e-02
1.263000e-08 2.272606e-02 -3.715693e-02
1.264000e-08 2.263102e-02 -3.707600e-02
1.265000e-08 2.253581e-02 -3.699400e-02
1.266000e-08 2.244043e-02 -3.691093e-02
1.267000e-08 2.234488e-02 -3.682679e-02
1.268000e-08 2.224917e-02 -3.674159e-02
1.269000e-08 2.215329e-02 -3.665533e-02
1.270000e-08 2.205725e-02 -3.656801e-02
1.271000e-08 2.196104e-02 -3.647964e-02
1.272000e-08 2.186467e-02 -3.639021e-02
1.273000e-08 2.176814e-02 -3.629973e-02
1.274000e-08 2.167144e-02 -3.620820e-02
1.275000e-08 2.157459e-02 -3.611563e-02
1.276000e-08 2.147757e-02 -3.602201e-02
1.277000e-08 2.138039e-02 -3.592735e-02
1.278000e-08 2.128305e-02 -3.583165e-02
1.279000e-08 2.118556e-02 -3.573492e-02
1.280000e-08 2.108790e-02 -3.563716e-02
1.281000e-08 2.099009e-02 -3.553837e-02
1.282000e-08 2.089213e-02 -3.543855e-02
1.283000e-08 2.079400e-02 -3.533771e-02
1.284000e-08 2.069573e-02 -3.523585e-02
1.285000e-08 2.059729e-02 -3.513297e-02
1.286000e-08 2.049871e-02 -3.502907e-02
1.287000e-08 2.039997e-02 -3.492416e-02
1.288000e-08 2.030108e-02 -3.481825e-02
1.289000e-08 2.020204e-02 -3.471133e-02
1.290000e-08 2.010285e-02 -3.460340e-02
1.291000e-08 2.000351e-02 -3.449448e-02
1.292000e-08 1.990402e-02 -3.438456e-02
1.293000e-08 1.980438e-02 -3.427365e-02
1.294000e-08 1.970459e-02 -3.416175e-02
1.295000e-08 1.960466e-02 -3.404886e-02
1.296000e-08 1.950458e-02 -3.393498e-02
1.297000e-08 1.940435e-02 -3.382013e-02
1.298000e-08 1.930399e-02 -3.370430e-02
1.299000e-08 1.920347e-02 -3.358750e-02
1.300000e-08 1.908411e-02 -3.344784e-02
1.301000e-08 1.894704e-02 -3.328705e-02
1.302000e-08 1.881094e-02 -3.312700e-02
1.303000e-08 1.867583e-02 -3.296770e-02
1.304000e-08 1.854167e-02 -3.280913e-02
1.305000e-08 1.840848e-02 -3.265130e-02
1.306000e-08 1.827625e-02 -3.249420e-02
1.307000e-08 1.814496e-02 -3.233783e-02
1.308000e-08 1.801461e-02 -3.218218e-02
1.309000e-08 1.788519e-02 -3.202726e-02
1.310000e-08 1.775670e-02 -3.187305e-02
1.311000e-08 1.762913e-02 -3.171956e-02
1.312000e-08 1.750247e-02 -3.156677e-02
1.313000e-08 1.737672e-02 -3.141470e-02
1.314000e-08 1.725187e-02 -3.126333e-02
1.315000e-08 1.712791e-02 -3.111266e-02
1.316000e-08 1.700484e-02 -3.096268e-02
1.317000e-08 1.688265e-02 -3.081340e-02
1.318000e-08 1.676134e-02 -3.066481e-02
1.319000e-08 1.664089e-02 -3.051691e-02
1.320000e-08 1.652131e-02 -3.036969e-02
1.321000e-08 1.640258e-02 -3.022315e-02
1.322000e-08 1.628470e-02 -3.007729e-02
1.323000e-08 1.616767e-02 -2.993211e-02
1.324000e-08 1.605147e-02 -2.978759e-02
1.325000e-08 1.593611e-02 -2.964374e-02
1.326000e-08 1.582157e-02 -2.950056e-02
1.327000e-08 1.570785e-02 -2.935803e-02
1.328000e-08 1.559494e-02 -2.921617e-02
1.329000e-08 1.548284e-02 -2.907496e-02
1.330000e-08 1.537155e-02 -2.893440e-02
1.331000e-08 1.526105e-02 -2.879449e-02
1.332000e-08 1.515134e-02 -2.865522e-02
1.333000e-08 1.504242e-02 -2.851660e-02
1.334000e-08 1.493427e-02 -2.837861e-02
1.335000e-08 1.482690e-02 -2.824126e-02
1.336000e-08 1.472030e-02 -2.810455e-02
1.337000e-08 1.461446e-02 -2.796846e-02
1.338000e-08 1.450937e-02 -2.783300e-02
1.339000e-08 1.440504e-02 -2.769816e-02
1.340000e-08 1.430145e-02 -2.756395e-02
1.341000e-08 1.419861e-02 -2.743035e-02
1.342000e-08 1.409650e-02 -2.729737e-02
1.343000e-08 1.399512e-02 -2.716500e-02
1.344000e-08 1.389447e-02 -2.703323e-02
1.345000e-08 1.379453e-02 -2.690208e-02
1.346000e-08 1.369531e-02 -2.677152e-02
1.347000e-08 1.359680e-02 -2.664157e-02
1.348000e-08 1.349900e-02 -2.651221e-02
1.349000e-08 1.340189e-02 -2.638345e-02
1.350000e-08 1.330548e-02 -2.625528e-02
1.351000e-08 1.320976e-02 -2.612769e-02
1.352000e-08 1.311472e-02 -2.600069e-02
1.353000e-08 1.302036e-02 -2.587428e-02
1.354000e-08 1.292668e-02 -2.574844e-02
1.355000e-08 1.283366e-02 -2.562318e-02
1.356000e-08 1.274131e-02 -2.549850e-02
1.357000e-08 1.264962e-02 -2.537439e-02
1.358000e-08 1.255859e-02 -2.525084e-02
1.359000e-08 1.246820e-02 -2.512786e-02
1.360000e-08 1.237847e-02 -2.500545e-02
1.361000e-08 1.228937e-02 -2.488359e-02
1.362000e-08 1.220091e-02 -2.476229e-02
1.363000e-08 1.211308e-02 -2.464155e-02
1.364000e-08 1.202588e-02 -2.452136e-02
1.365000e-08 1.193930e-02 -2.440172e-02
1.366000e-08 1.185335e-02 -2.428262e-02
1.367000e-08 1.176800e-02 -2.416407e-02
1.368000e-08 1.168327e-02 -2.404606e-02
1.369000e-08 1.159914e-02 -2.392859e-02
1.370000e-08 1.151561e-02 -2.381166e-02
1.371000e-08 1.143267e-02 -2.369526e-02
1.372000e-08 1.135033e-02 -2.357939e-02
1.373000e-08 1.126858e-02 -2.346405e-02
1.374000e-08 1.118741e-02 -2.334923e-02
1.375000e-08 1.110682e-02 -2.323494e-02
1.376000e-08 1.102681e-02 -2.312117e-02
1.377000e-08 1.094737e-02 -2.300791e-02
1.378000e-08 1.086849e-02 -2.289517e-02
1.379000e-08 1.079018e-02 -2.278295e-02
1.380000e-08 1.071243e-02 -2.267124e-02
1.381000e-08 1.063523e-02 -2.256003e-02
1.382000e-08 1.055858e-02 -2.244933e-02
1.383000e-08 1.048248e-02 -2.233913e-02
1.384000e-08 1.040693e-02 -2.222943e-02
1.385000e-08 1.033191e-02 -2.212023e-02
1.386000e-08 1.025743e-02 -2.201153e-02
1.387000e-08 1.018347e-02 -2.190332e-02
1.388000e-08 1.011005e-02 -2.179560e-02
1.389000e-08 1.003715e-02 -2.168837e-02
1.390000e-08 9.964771e-03 -2.158162e-02
1.391000e-08 9.892908e-03 -2.147536e-02
1.392000e-08 9.821556e-03 -2.136958e-02
1.393000e-08 9.750714e-03 -2.126428e-02
1.394000e-08 9.680377e-03 -2.115945e-02
1.395000e-08 9.610541e-03 -2.105510e-02
1.396000e-08 9.541203e-03 -2.095122e-02
1.397000e-08 9.472360e-03 -2.084781e-02
1.398000e-08 9.404007e-03 -2.074487e-02
1.399000e-08 9.336141e-03 -2.064239e-02
1.400000e-08 9.268759e-03 -2.054038e-02
1.401000e-08 9.201857e-03 -2.043882e-02
1.402000e-08 9.135432e-03 -2.033773e-02
1.403000e-08 9.069480e-03 -2.023708e-02
1.404000e-08 9.003998e-03 -2.013690e-02
1.405000e-08 8.938982e-03 -2.003716e-02
1.406000e-08 8.874430e-03 -1.993787e-02
1.407000e-08 8.810337e-03 -1.983903e-02
1.408000e-08 8.746701e-03 -1.974064e-02
1.409000e-08 8.683517e-03 -1.964268e-02
1.410000e-08 8.620784e-03 -1.954517e-02
1.411000e-08 8.558497e-03 -1.944809e-02
1.412000e-08 8.496654e-03 -1.935145e-02
1.413000e-08 8.435251e-03 -1.925525e-02
1.414000e-08 8.374285e-03 -1.915947e-02
1.415000e-08 8.313752e-03 -1.906412e-02
1.416000e-08 8.253650e-03 -1.896921e-02
1.417000e-08 8.193976e-03 -1.887471e-02
1.418000e-08 8.134727e-03 -1.878064e-02
1.419000e-08 8.075899e-03 -1.868699e-02
1.420000e-08 8.017489e-03 -1.859376e-02
1.421000e-08 7.959494e-03 -1.850095e-02
1.422000e-08 7.901912e-03 -1.840855e-02
1.423000e-08 7.844739e-03 -1.831656e-02
1.424000e-08 7.787973e-03 -1.822498e-02
1.425000e-08 7.731610e-03 -1.813382e-02
1.426000e-08 7.675648e-03 -1.804305e-02
1.427000e-08 7.620083e-03 -1.795270e-02
1.428000e-08 7.564913e-03 -1.786274e-02
1.429000e-08 7.510135e-03 -1.777318e-02
1.430000e-08 7.455746e-03 -1.768403e-02
1.431000e-08 7.401743e-03 -1.759527e-02
1.432000e-08 7.348124e-03 -1.750690e-02
1.433000e-08 7.294885e-03 -1.741893e-02
1.434000e-08 7.242025e-03 -1.733134e-02
1.435000e-08 7.189539e-03 -1.724415e-02
1.436000e-08 7.137426e-03 -1.715734e-02
1.437000e-08 7.085683e-03 -1.707091e-02
1.438000e-08 7.034306e-03 -1.698487e-02
1.439000e-08 6.983295e-03 -1.689921e-02
1.440000e-08 6.932645e-03 -1.681393e-02
1.441000e-08 6.882354e-03 -1.672902e-02
1.442000e-08 6.832419e-03 -1.664449e-02
1.443000e-08 6.782839e-03 -1.656033e-02
1.444000e-08 6.733610e-03 -1.647654e-02
1.445000e-08 6.684730e-03 -1.639312e-02
1.446000e-08 6.636196e-03 -1.631007e-02
1.447000e-08 6.588006e-03 -1.622739e-02
1.448000e-08 6.540157e-03 -1.614507e-02
1.449000e-08 6.492647e-03 -1.606311e-02
1.450000e-08 6.445473e-03 -1.598151e-02
1.451000e-08 6.398634e-03 -1.590027e-02
1.452000e-08 6.352125e-03 -1.581938e-02
1.453000e-08 6.305946e-03 -1.573885e-02
1.454000e-08 6.260094e-03 -1.565867e-02
1.455000e-08 6.214566e-03 -1.557884e-02
1.456000e-08 6.169359e-03 -1.549936e-02
1.457000e-08 6.124473e-03 -1.542023e-02
1.458000e-08 6.079903e-03 -1.534145e-02
1.459000e-08 6.035649e-03 -1.526301e-02
1.460000e-08 5.991707e-03 -1.518491e-02
1.461000e-08 5.948076e-03 -1.510715e-02
1.462000e-08 5.904753e-03 -1.502973e-02
1.463000e-08 5.861736e-03 -1.495264e-02
1.464000e-08 5.819022e-03 -1.487589e-02
1.465000e-08 5.776610e-03 -1.479948e-02
1.466000e-08 5.734497e-03 -1.472339e-02
1.467000e-08 5.692682e-03 -1.464764e-02
1.468000e-08 5.651161e-03 -1.457221e-02
1.469000e-08 5.609933e-03 -1.449711e-02
1.470000e-08 5.568995e-03 -1.442234e-02
1.471000e-08 5.528346e-03 -1.434788e-02
1.472000e-08 5.487984e-03 -1.427375e-02
1.473000e-08 5.447905e-03 -1.419994e-02
1.474000e-08 5.408109e-03 -1.412645e-02
1.475000e-08 5.368593e-03 -1.405328e-02
1.476000e-08 5.329356e-03 -1.398042e-02
1.477000e-08 5.290394e-03 -1.390787e-02
1.478000e-08 5.251706e-03 -1.383563e-02
1.479000e-08 5.213291e-03 -1.376371e-02
1.480000e-08 5.175145e-03 -1.369209e-02
1.481000e-08 5.137268e-03 -1.362078e-02
1.482000e-08 5.099657e-03 -1.354977e-02
1.483000e-08 5.062310e-03 -1.347907e-02
1.484000e-08 5.025225e-03 -1.340867e-02
1.485000e-08 4.988401e-03 -1.333857e-02
1.486000e-08 4.951835e-03 -1.326877e-02
1.487000e-08 4.915525e-03 -1.319927e-02
1.488000e-08 4.879470e-03 -1.313006e-02
1.489000e-08 4.843668e-03 -1.306115e-02
1.490000e-08 4.808117e-03 -1.299253e-02
1.491000e-08 4.772815e-03 -1.292420e-02
1.492000e-08 4.737761e-03 -1.285616e-02
1.493000e-08 4.702951e-03 -1.278841e-02
1.494000e-08 4.668386e-03 -1.272094e-02
1.495000e-08 4.634062e-03 -1.265376e-02
1.496000e-08 4.599978e-03 -1.258687e-02
1.497000e-08 4.566133e-03 -1.252025e-02
1.498000e-08 4.532524e-03 -1.245392e-02
1.499000e-08 4.499150e-03 -1.238786e-02
1.500000e-08 4.466008e-03 -1.232209e-02
1.501000e-08 4.433099e-03 -1.225659e-02
1.502000e-08 4.400419e-03 -1.219136e-02
1.503000e-08 4.367967e-03 -1.212641e-02
1.504000e-08 4.335741e-03 -1.206173e-02
1.505000e-08 4.303740e-03 -1.199731e-02
1.506000e-08 4.271962e-03 -1.193317e-02
1.507000e-08 4.240405e-03 -1.186930e-02
1.508000e-08 4.209068e-03 -1.180569e-02
1.509000e-08 4.177949e-03 -1.174234e-02
1.510000e-08 4.147046e-03 -1.167926e-02
1.511000e-08 4.116358e-03 -1.161644e-02
1.512000e-08 4.085883e-03 -1.155388e-02
1.513000e-08 4.055620e-03 -1.149158e-02
1.514000e-08 4.025568e-03 -1.142954e-02
1.515000e-08 3.995723e-03 -1.136775e-02
1.516000e-08 3.966086e-03 -1.130622e-02
1.517000e-08 3.936654e-03 -1.124494e-02
1.518000e-08 3.907426e-03 -1.118391e-02
1.519000e-08 3.878401e-03 -1.112314e-02
1.520000e-08 3.849576e-03 -1.106261e-02
1.521000e-08 3.820951e-03 -1.100233e-02
1.522000e-08 3.792524e-03 -1.094230e-02
1.523000e-08 3.764293e-03 -1.088251e-02
1.524000e-08 3.736258e-03 -1.082297e-02
1.525000e-08 3.708416e-03 -1.076367e-02
1.526000e-08 3.680766e-03 -1.070461e-02
1.527000e-08 3.653306e-03 -1.064579e-02
1.528000e-08 3.626036e-03 -1.058721e-02
1.529000e-08 3.598954e-03 -1.052886e-02
1.530000e-08 3.572058e-03 -1.047075e-02
1.531000e-08 3.545348e-03 -1.041288e-02
1.532000e-08 3.518821e-03 -1.035524e-02
1.533000e-08 3.492476e-03 -1.029783e-02
1.534000e-08 3.466312e-03 -1.024065e-02
1.535000e-08 3.440328e-03 -1.018370e-02
1.536000e-08 3.414522e-03 -1.012699e-02
1.537000e-08 3.388893e-03 -1.007049e-02
1.538000e-08 3.363439e-03 -1.001422e-02
1.539000e-08 3.338160e-03 -9.958182e-03
1.540000e-08 3.313053e-03 -9.902362e-03
1.541000e-08 3.288119e-03 -9.846764e-03
1.542000e-08 3.263354e-03 -9.791387e-03
1.543000e-08 3.238759e-03 -9.736229e-03
1.544000e-08 3.214331e-03 -9.681289e-03
1.545000e-08 3.190070e-03 -9.626566e-03
1.546000e-08 3.165974e-03 -9.572059e-03
1.547000e-08 3.142043e-03 -9.517767e-03
1.548000e-08 3.118274e-03 -9.463688e-03
1.549000e-08 3.094666e-03 -9.409820e-03
1.550000e-08 3.071219e-03 -9.356164e-03
1.551000e-08 3.047931e-03 -9.302717e-03
1.552000e-08 3.024801e-03 -9.249479e-03
1.553000e-08 3.001828e-03 -9.196448e-03
1.554000e-08 2.979010e-03 -9.143623e-03
1.555000e-08 2.956346e-03 -9.091003e-03
1.556000e-08 2.933836e-03 -9.038586e-03
1.557000e-08 2.911477e-03 -8.986373e-03
1.558000e-08 2.889270e-03 -8.934360e-03
1.559000e-08 2.867212e-03 -8.882548e-03
1.560000e-08 2.845302e-03 -8.830935e-03
1.561000e-08 2.823540e-03 -8.779519e-03
1.562000e-08 2.801925e-03 -8.728301e-03
1.563000e-08 2.780454e-03 -8.677277e-03
1.564000e-08 2.759127e-03 -8.626449e-03
1.565000e-08 2.737944e-03 -8.575814e-03
1.566000e-08 2.716902e-03 -8.525370e-03
1.567000e-08 2.696001e-03 -8.475118e-03
1.568000e-08 2.675240e-03 -8.425056e-03
1.569000e-08 2.654617e-03 -8.375183e-03
1.570000e-08 2.634132e-03 -8.325497e-03
1.571000e-08 2.613783e-03 -8.275998e-03
1.572000e-08 2.593570e-03 -8.226684e-03
1.573000e-08 2.573491e-03 -8.177554e-03
1.574000e-08 2.553545e-03 -8.128608e-03
1.575000e-08 2.533732e-03 -8.079844e-03
1.576000e-08 2.514050e-03 -8.031261e-03
1.577000e-08 2.494498e-03 -7.982858e-03
1.578000e-08 2.475075e-03 -7.934634e-03
1.579000e-08 2.455781e-03 -7.886588e-03
1.580000e-08 2.436614e-03 -7.838718e-03
1.581000e-08 2.417573e-03 -7.791024e-03
1.582000e-08 2.398657e-03 -7.743504e-03
1.583000e-08 2.379865e-03 -7.696159e-03
1.584000e-08 2.361197e-03 -7.648985e-03
1.585000e-08 2.342651e-03 -7.601983e-03
1.586000e-08 2.324227e-03 -7.555151e-03
1.587000e-08 2.305923e-03 -7.508489e-03
1.588000e-08 2.287738e-03 -7.461995e-03
1.589000e-08 2.269672e-03 -7.415668e-03
1.590000e-08 2.251724e-03 -7.369507e-03
1.591000e-08 2.233892e-03 -7.323511e-03
1.592000e-08 2.216176e-03 -7.277680e-03
1.593000e-08 2.198574e-03 -7.232011e-03
1.594000e-08 2.181087e-03 -7.186505e-03
1.595000e-08 2.163712e-03 -7.141159e-03
1.596000e-08 2.146450e-03 -7.095974e-03
1.597000e-08 2.129299e-03 -7.050947e-03
1.598000e-08 2.112258e-03 -7.006079e-03
1.599000e-08 2.095327e-03 -6.961368e-03
1.600000e-08 2.078504e-03 -6.916812e-03
1.601000e-08 2.061789e-03 -6.872412e-03
1.602000e-08 2.045180e-03 -6.828165e-03
1.603000e-08 2.028678e-03 -6.784072e-03
1.604000e-08 2.012281e-03 -6.740130e-03
1.605000e-08 1.995987e-03 -6.696340e-03
1.606000e-08 1.979798e-03 -6.652700e-03
1.607000e-08 1.963711e-03 -6.609208e-03
1.608000e-08 1.947725e-03 -6.565865e-03
1.609000e-08 1.931841e-03 -6.522669e-03
1.610000e-08 1.916056e-03 -6.479619e-03
1.611000e-08 1.900371e-03 -6.436714e-03
1.612000e-08 1.884785e-03 -6.393954e-03
1.613000e-08 1.869296e-03 -6.351337e-03
1.614000e-08 1.853903e-03 -6.308862e-03
1.615000e-08 1.838607e-03 -6.266528e-03
1.616000e-08 1.823406e-03 -6.224335e-03
1.617000e-08 1.808300e-03 -6.182282e-03
1.618000e-08 1.793287e-03 -6.140366e-03
1.619000e-08 1.778367e-03 -6.098589e-03
1.620000e-08 1.763539e-03 -6.056948e-03
1.621000e-08 1.748803e-03 -6.015443e-03
1.622000e-08 1.734157e-03 -5.974073e-03
1.623000e-08 1.719601e-03 -5.932836e-03
1.624000e-08 1.705135e-03 -5.891733e-03
1.625000e-08 1.690756e-03 -5.850761e-03
1.626000e-08 1.676465e-03 -5.809921e-03
1.627000e-08 1.662261e-03 -5.769210e-03
1.628000e-08 1.648143e-03 -5.728629e-03
1.629000e-08 1.634110e-03 -5.688177e-03
1.630000e-08 1.620162e-03 -5.647852e-03
1.631000e-08 1.606298e-03 -5.607653e-03
1.632000e-08 1.592518e-03 -5.567580e-03
1.633000e-08 1.578819e-03 -5.527632e-03
1.634000e-08 1.565203e-03 -5.487808e-03
1.635000e-08 1.551668e-03 -5.448106e-03
1.636000e-08 1.538213e-03 -5.408527e-03
1.637000e-08 1.524837e-03 -5.369069e-03
1.638000e-08 1.511541e-03 -5.329731e-03
1.639000e-08 1.498323e-03 -5.290513e-03
1.640000e-08 1.485182e-03 -5.251413e-03
1.641000e-08 1.472119e-03 -5.212431e-03
1.642000e-08 1.459132e-03 -5.173566e-03
1.643000e-08 1.446220e-03 -5.134816e-03
1.644000e-08 1.433383e-03 -5.096182e-03
1.645000e-08 1.420621e-03 -5.057662e-03
1.646000e-08 1.407932e-03 -5.019255e-03
1.647000e-08 1.395316e-03 -4.980961e-03
1.648000e-08 1.382773e-03 -4.942778e-03
1.649000e-08 1.370301e-03 -4.904706e-03
1.650000e-08 1.357900e-03 -4.866744e-03
1.651000e-08 1.345569e-03 -4.828891e-03
1.652000e-08 1.333308e-03 -4.791146e-03
1.653000e-08 1.321116e-03 -4.753508e-03
1.654000e-08 1.308993e-03 -4.715977e-03
1.655000e-08 1.296937e-03 -4.678552e-03
1.656000e-08 1.284949e-03 -4.641232e-03
1.657000e-08 1.273027e-03 -4.604015e-03
1.658000e-08 1.261171e-03 -4.566902e-03
1.659000e-08 1.249380e-03 -4.529891e-03
1.660000e-08 1.237655e-03 -4.492982e-03
1.661000e-08 1.225993e-03 -4.456173e-03
1.662000e-08 1.214395e-03 -4.419464e-03
1.663000e-08 1.202859e-03 -4.382854e-03
1.664000e-08 1.191386e-03 -4.346342e-03
1.665000e-08 1.179975e-03 -4.309928e-03
1.666000e-08 1.168625e-03 -4.273610e-03
1.667000e-08 1.157335e-03 -4.237388e-03
1.668000e-08 1.146106e-03 -4.201261e-03
1.669000e-08 1.134935e-03 -4.165228e-03
1.670000e-08 1.123824e-03 -4.129289e-03
1.671000e-08 1.112771e-03 -4.093442e-03
1.672000e-08 1.101775e-03 -4.057687e-03
1.673000e-08 1.090837e-03 -4.022022e-03
1.674000e-08 1.079955e-03 -3.986448e-03
1.675000e-08 1.069129e-03 -3.950963e-03
1.676000e-08 1.058358e-03 -3.915567e-03
1.677000e-08 1.047642e-03 -3.880258e-03
1.678000e-08 1.036980e-03 -3.845036e-03
1.679000e-08 1.026373e-03 -3.809901e-03
1.680000e-08 1.015818e-03 -3.774851e-03
1.681000e-08 1.005316e-03 -3.739885e-03
1.682000e-08 9.948658e-04 -3.705003e-03
1.683000e-08 9.844674e-04 -3.670205e-03
1.684000e-08 9.741199e-04 -3.635488e-03
1.685000e-08 9.638230e-04 -3.600853e-03
1.686000e-08 9.535759e-04 -3.566299e-03
1.687000e-08 9.433783e-04 -3.531824e-03
1.688000e-08 9.332295e-04 -3.497429e-03
1.689000e-08 9.231291e-04 -3.463112e-03
1.690000e-08 9.130765e-04 -3.428873e-03
1.691000e-08 9.030712e-04 -3.394710e-03
1.692000e-08 8.931127e-04 -3.360624e-03
1.693000e-08 8.832004e-04 -3.326613e-03
1.694000e-08 8.733339e-04 -3.292676e-03
1.695000e-08 8.635127e-04 -3.258813e-03
1.696000e-08 8.537362e-04 -3.225023e-03
1.697000e-08 8.440039e-04 -3.191306e-03
1.698000e-08 8.343153e-04 -3.157660e-03
1.699000e-08 8.246700e-04 -3.124084e-03
1.700000e-08 8.150674e-04 -3.090579e-03
1.701000e-08 8.055070e-04 -3.057143e-03
1.702000e-08 7.959883e-04 -3.023776e-03
1.703000e-08 7.865109e-04 -2.990476e-03
1.704000e-08 7.770742e-04 -2.957243e-03
1.705000e-08 7.676778e-04 -2.924077e-03
1.706000e-08 7.583211e-04 -2.890976e-03
1.707000e-08 7.490037e-04 -2.857940e-03
1.708000e-08 7.397252e-04 -2.824967e-03
1.709000e-08 7.304849e-04 -2.792059e-03
1.710000e-08 7.212825e-04 -2.759212e-03
1.711000e-08 7.121175e-04 -2.726428e-03
1.712000e-08 7.029893e-04 -2.693704e-03
1.713000e-08 6.938976e-04 -2.661041e-03
1.714000e-08 6.848418e-04 -2.628438e-03
1.715000e-08 6.758215e-04 -2.595894e-03
1.716000e-08 6.668362e-04 -2.563407e-03
1.717000e-08 6.578855e-04 -2.530978e-03
1.718000e-08 6.489688e-04 -2.498606e-03
1.719000e-08 6.400858e-04 -2.466290e-03
1.720000e-08 6.312359e-04 -2.434029e-03
1.721000e-08 6.224187e-04 -2.401823e-03
1.722000e-08 6.136338e-04 -2.369670e-03
1.723000e-08 6.048807e-04 -2.337571e-03
1.724000e-08 5.961588e-04 -2.305524e-03
1.725000e-08 5.874679e-04 -2.273528e-03
1.726000e-08 5.788074e-04 -2.241584e-03
1.727000e-08 5.701769e-04 -2.209690e-03
1.728000e-08 5.615760e-04 -2.177845e-03
1.729000e-08 5.530041e-04 -2.146049e-03
1.730000e-08 5.444608e-04 -2.114301e-03
1.731000e-08 5.359458e-04 -2.082601e-03
1.732000e-08 5.274586e-04 -2.050947e-03
1.733000e-08 5.189986e-04 -2.019339e-03
1.734000e-08 5.105656e-04 -1.987776e-03
1.735000e-08 5.021590e-04 -1.956258e-03
1.736000e-08 4.937784e-04 -1.924784e-03
1.737000e-08 4.854234e-04 -1.893353e-03
1.738000e-08 4.770936e-04 -1.861965e-03
1.739000e-08 4.687884e-04 -1.830618e-03
1.740000e-08 4.605076e-04 -1.799312e-03
1.741000e-08 4.522506e-04 -1.768046e-03
1.742000e-08 4.440170e-04 -1.736820e-03
1.743000e-08 4.358065e-04 -1.705633e-03
1.744000e-08 4.276185e-04 -1.674484e-03
1.745000e-08 4.194527e-04 -1.643373e-03
1.746000e-08 4.113086e-04 -1.612298e-03
1.747000e-08 4.031858e-04 -1.581260e-03
1.748000e-08 3.950839e-04 -1.550257e-03
1.749000e-08 3.870024e-04 -1.519289e-03
1.750000e-08 3.789410e-04 -1.488355e-03
1.751000e-08 3.708993e-04 -1.457454e-03
1.752000e-08 3.628767e-04 -1.426586e-03
1.753000e-08 3.548730e-04 -1.395750e-03
1.754000e-08 3.468876e-04 -1.364945e-03
1.755000e-08 3.389202e-04 -1.334170e-03
1.756000e-08 3.309704e-04 -1.303426e-03
1.757000e-08 3.230377e-04 -1.272711e-03
1.758000e-08 3.151218e-04 -1.242024e-03
1.759000e-08 3.072221e-04 -1.211365e-03
1.760000e-08 2.993384e-04 -1.180733e-03
1.761000e-08 2.914702e-04 -1.150128e-03
1.762000e-08 2.836171e-04 -1.119549e-03
1.763000e-08 2.757787e-04 -1.088994e-03
1.764000e-08 2.679546e-04 -1.058464e-03
1.765000e-08 2.601444e-04 -1.027958e-03
1.766000e-08 2.523476e-04 -9.974747e-04
1.767000e-08 2.445639e-04 -9.670138e-04
1.768000e-08 2.367929e-04 -9.365746e-04
1.769000e-08 2.290341e-04 -9.061563e-04
1.770000e-08 2.212872e-04 -8.757584e-04
1.771000e-08 2.135518e-04 -8.453800e-04
1.772000e-08 2.058274e-04 -8.150207e-04
1.773000e-08 1.981137e-04 -7.846796e-04
1.774000e-08 1.904103e-04 -7.543560e-04
1.775000e-08 1.827167e-04 -7.240494e-04
1.776000e-08 1.750326e-04 -6.937590e-04
1.777000e-08 1.673576e-04 -6.634841e-04
1.778000e-08 1.596912e-04 -6.332241e-04
1.779000e-08 1.520331e-04 -6.029783e-04
1.780000e-08 1.443829e-04 -5.727460e-04
1.781000e-08 1.367402e-04 -5.425266e-04
1.782000e-08 1.291045e-04 -5.123193e-04
1.783000e-08 1.214755e-04 -4.821234e-04
1.784000e-08 1.138529e-04 -4.519384e-04
1.785000e-08 1.062361e-04 -4.217635e-04
1.786000e-08 9.862482e-05 -3.915981e-04
1.787000e-08 9.101865e-05 -3.614414e-04
1.788000e-08 8.341720e-05 -3.312928e-04
1.789000e-08 7.582008e-05 -3.011517e-04
1.790000e-08 6.822688e-05 -2.710173e-04
1.791000e-08 6.063721e-05 -2.408890e-04
1.792000e-08 5.305069e-05 -2.107660e-04
1.793000e-08 4.546692e-05 -1.806478e-04
1.794000e-08 3.788550e-05 -1.505337e-04
1.795000e-08 3.030604e-05 -1.204229e-04
1.796000e-08 2.272815e-05 -9.031482e-05
1.797000e-08 1.515144e-05 -6.020876e-05
1.798000e-08 7.575520e-06 -3.010405e-05
1.799000e-08 -1.173886e-11 -7.843791e-12
