0.000000e+00 -1.469518e-06 -1.836898e-06
5.000000e-10 -1.469518e-06 -1.836898e-06
1.000000e-09 -1.469518e-06 -1.469518e-06
1.500000e-09 -1.836898e-06 -1.653208e-06
2.000000e-09 -1.836898e-06 -1.836898e-06
2.500000e-09 -1.836898e-06 -1.836898e-06
3.000000e-09 -2.204277e-06 -2.020587e-06
3.500000e-09 -2.204277e-06 -2.204277e-06
4.000000e-09 -2.204277e-06 -2.204277e-06
4.500000e-09 -2.204277e-06 -2.204277e-06
5.000000e-09 -2.571657e-06 -2.387967e-06
5.500000e-09 -2.571657e-06 -2.571657e-06
6.000000e-09 -2.571657e-06 -2.571657e-06
6.500000e-09 -3.306416e-06 -2.939036e-06
7.000000e-09 -2.939036e-06 -3.122726e-06
7.500000e-09 -2.939036e-06 -2.939036e-06
8.000000e-09 -2.571657e-06 -2.755346e-06
8.500000e-09 -2.939036e-06 -2.755346e-06
9.000000e-09 -2.939036e-06 -2.939036e-06
9.500000e-09 -3.673795e-06 -3.306416e-06
1.000000e-08 -4.041175e-06 -3.857485e-06
1.050000e-08 -4.775934e-06 -4.408554e-06
1.100000e-08 -5.143313e-06 -4.959624e-06
1.150000e-08 -5.510693e-06 -5.327003e-06
1.200000e-08 -6.245452e-06 -5.878072e-06
1.250000e-08 -6.612832e-06 -6.429142e-06
1.300000e-08 -6.980211e-06 -6.796521e-06
1.350000e-08 -8.082350e-06 -7.531280e-06
1.400000e-08 -8.449729e-06 -8.266039e-06
1.450000e-08 -9.919247e-06 -9.184488e-06
1.500000e-08 -1.065401e-05 -1.028663e-05
1.550000e-08 -1.175614e-05 -1.120508e-05
1.600000e-08 -1.285828e-05 -1.230721e-05
1.650000e-08 -1.396042e-05 -1.340935e-05
1.700000e-08 -1.469518e-05 -1.432780e-05
1.750000e-08 -1.616470e-05 -1.542994e-05
1.800000e-08 -1.726684e-05 -1.671577e-05
1.850000e-08 -1.873636e-05 -1.800160e-05
1.900000e-08 -1.983849e-05 -1.928743e-05
1.950000e-08 -2.167539e-05 -2.075694e-05
2.000000e-08 -2.351229e-05 -2.259384e-05
2.050000e-08 -2.534919e-05 -2.443074e-05
2.100000e-08 -2.681871e-05 -2.608395e-05
2.150000e-08 -2.939036e-05 -2.810453e-05
2.200000e-08 -3.232940e-05 -3.085988e-05
2.250000e-08 -3.453368e-05 -3.343154e-05
2.300000e-08 -3.857485e-05 -3.655426e-05
2.350000e-08 -4.114651e-05 -3.986068e-05
2.400000e-08 -4.555506e-05 -4.335078e-05
2.450000e-08 -4.959624e-05 -4.757565e-05
2.500000e-08 -5.437217e-05 -5.198420e-05
2.550000e-08 -5.914810e-05 -5.676014e-05
2.600000e-08 -6.465880e-05 -6.190345e-05
2.650000e-08 -6.980211e-05 -6.723045e-05
2.700000e-08 -7.641494e-05 -7.310853e-05
2.750000e-08 -8.302777e-05 -7.972136e-05
2.800000e-08 -9.074274e-05 -8.688526e-05
2.850000e-08 -9.882509e-05 -9.478392e-05
2.900000e-08 -1.083770e-04 -1.036010e-04
2.950000e-08 -1.179288e-04 -1.131529e-04
3.000000e-08 -1.278481e-04 -1.228885e-04
3.050000e-08 -1.388695e-04 -1.333588e-04
3.100000e-08 -1.509930e-04 -1.449312e-04
3.150000e-08 -1.638513e-04 -1.574221e-04
3.200000e-08 -1.789138e-04 -1.713826e-04
3.250000e-08 -1.947112e-04 -1.868125e-04
3.300000e-08 -2.119780e-04 -2.033446e-04
3.350000e-08 -2.310817e-04 -2.215299e-04
3.400000e-08 -2.520224e-04 -2.415520e-04
3.450000e-08 -2.747999e-04 -2.634111e-04
3.500000e-08 -2.986796e-04 -2.867397e-04
3.550000e-08 -3.251309e-04 -3.119052e-04
3.600000e-08 -3.548886e-04 -3.400098e-04
3.650000e-08 -3.853811e-04 -3.701349e-04
3.700000e-08 -4.199148e-04 -4.026480e-04
3.750000e-08 -4.570201e-04 -4.384675e-04
3.800000e-08 -4.974319e-04 -4.772260e-04
3.850000e-08 -5.422522e-04 -5.198420e-04
3.900000e-08 -5.900115e-04 -5.661319e-04
3.950000e-08 -6.425468e-04 -6.162792e-04
4.000000e-08 -7.002254e-04 -6.713861e-04
4.050000e-08 -7.619451e-04 -7.310853e-04
4.100000e-08 -8.291756e-04 -7.955604e-04
4.150000e-08 -9.026515e-04 -8.659136e-04
4.200000e-08 -9.834750e-04 -9.430633e-04
4.250000e-08 -1.071279e-03 -1.027377e-03
4.300000e-08 -1.166430e-03 -1.118854e-03
4.350000e-08 -1.270398e-03 -1.218414e-03
4.400000e-08 -1.383919e-03 -1.327159e-03
4.450000e-08 -1.506991e-03 -1.445455e-03
4.500000e-08 -1.640717e-03 -1.573854e-03
4.550000e-08 -1.786934e-03 -1.713826e-03
4.600000e-08 -1.946377e-03 -1.866655e-03
4.650000e-08 -2.119045e-03 -2.032711e-03
4.700000e-08 -2.307143e-03 -2.213094e-03
4.750000e-08 -2.511774e-03 -2.409459e-03
4.800000e-08 -2.734773e-03 -2.623274e-03
4.850000e-08 -2.978346e-03 -2.856560e-03
4.900000e-08 -3.243961e-03 -3.111154e-03
4.950000e-08 -3.533089e-03 -3.388525e-03
5.000000e-08 -3.847198e-03 -3.690144e-03
5.050000e-08 -4.189596e-03 -4.018397e-03
5.100000e-08 -4.561752e-03 -4.375674e-03
5.150000e-08 -4.967706e-03 -4.764729e-03
5.200000e-08 -5.409296e-03 -5.188501e-03
5.250000e-08 -5.889829e-03 -5.649562e-03
5.300000e-08 -6.414079e-03 -6.151954e-03
5.350000e-08 -6.984252e-03 -6.699166e-03
5.400000e-08 -7.605858e-03 -7.295055e-03
5.450000e-08 -8.282572e-03 -7.944215e-03
5.500000e-08 -9.018065e-03 -8.650318e-03
5.550000e-08 -9.819687e-03 -9.418876e-03
5.600000e-08 -1.069258e-02 -1.025613e-02
5.650000e-08 -1.164373e-02 -1.116815e-02
5.700000e-08 -1.267900e-02 -1.216136e-02
5.750000e-08 -1.380649e-02 -1.324275e-02
5.800000e-08 -1.503427e-02 -1.442038e-02
5.850000e-08 -1.637080e-02 -1.570254e-02
5.900000e-08 -1.782709e-02 -1.709895e-02
5.950000e-08 -1.941160e-02 -1.861935e-02
6.000000e-08 -2.113792e-02 -2.027476e-02
6.050000e-08 -2.301780e-02 -2.207786e-02
6.100000e-08 -2.506447e-02 -2.404113e-02
6.150000e-08 -2.729336e-02 -2.617891e-02
6.200000e-08 -2.971990e-02 -2.850663e-02
6.250000e-08 -3.236246e-02 -3.104118e-02
6.300000e-08 -3.524051e-02 -3.380149e-02
6.350000e-08 -3.837389e-02 -3.680720e-02
6.400000e-08 -4.178722e-02 -4.008056e-02
6.450000e-08 -4.550289e-02 -4.364506e-02
6.500000e-08 -4.954958e-02 -4.752624e-02
6.550000e-08 -5.395556e-02 -5.175257e-02
6.600000e-08 -5.875391e-02 -5.635473e-02
6.650000e-08 -6.397915e-02 -6.136653e-02
6.700000e-08 -6.966912e-02 -6.682413e-02
6.750000e-08 -7.586424e-02 -7.276668e-02
6.800000e-08 -8.261080e-02 -7.923752e-02
6.850000e-08 -8.995692e-02 -8.628386e-02
6.900000e-08 -9.795698e-02 -9.395695e-02
6.950000e-08 -1.066675e-01 -1.023123e-01
7.000000e-08 -1.161537e-01 -1.114106e-01
7.050000e-08 -1.264822e-01 -1.213179e-01
7.100000e-08 -1.377302e-01 -1.321062e-01
7.150000e-08 -1.499779e-01 -1.438541e-01
7.200000e-08 -1.633149e-01 -1.566464e-01
7.250000e-08 -1.778378e-01 -1.705763e-01
7.300000e-08 -1.936527e-01 -1.857453e-01
7.350000e-08 -2.108736e-01 -2.022632e-01
7.400000e-08 -2.296262e-01 -2.202499e-01
7.450000e-08 -2.500459e-01 -2.398360e-01
7.500000e-08 -2.722811e-01 -2.611635e-01
7.550000e-08 -2.964933e-01 -2.843872e-01
7.600000e-08 -3.228597e-01 -3.096765e-01
7.650000e-08 -3.515708e-01 -3.372153e-01
7.700000e-08 -3.828352e-01 -3.672030e-01
7.750000e-08 -4.168795e-01 -3.998574e-01
7.800000e-08 -4.539507e-01 -4.354151e-01
7.850000e-08 -4.943183e-01 -4.741345e-01
7.900000e-08 -5.382757e-01 -5.162970e-01
7.950000e-08 -5.861427e-01 -5.622092e-01
8.000000e-08 -6.382657e-01 -6.122042e-01
8.050000e-08 -6.950248e-01 -6.666452e-01
8.100000e-08 -7.568301e-01 -7.259274e-01
8.150000e-08 -8.241318e-01 -7.904810e-01
8.200000e-08 -8.974189e-01 -8.607754e-01
8.250000e-08 -9.772237e-01 -9.373213e-01
8.300000e-08 -1.064125e+00 -1.020674e+00
8.350000e-08 -1.158754e+00 -1.111439e+00
8.400000e-08 -1.261797e+00 -1.210275e+00
8.450000e-08 -1.374004e+00 -1.317901e+00
8.500000e-08 -1.496189e+00 -1.435096e+00
8.550000e-08 -1.629240e+00 -1.562714e+00
8.600000e-08 -1.774122e+00 -1.701681e+00
8.650000e-08 -1.931888e+00 -1.853005e+00
8.700000e-08 -2.103683e+00 -2.017785e+00
8.750000e-08 -2.290756e+00 -2.197219e+00
8.800000e-08 -2.494464e+00 -2.392610e+00
8.850000e-08 -2.716287e+00 -2.605376e+00
8.900000e-08 -2.957837e+00 -2.837062e+00
8.950000e-08 -3.220866e+00 -3.089351e+00
9.000000e-08 -3.507285e+00 -3.364076e+00
9.050000e-08 -3.819175e+00 -3.663230e+00
9.100000e-08 -4.158800e+00 -3.988988e+00
9.150000e-08 -4.528627e+00 -4.343713e+00
9.200000e-08 -4.931341e+00 -4.729984e+00
9.250000e-08 -5.369866e+00 -5.150603e+00
9.300000e-08 -5.847388e+00 -5.608627e+00
9.350000e-08 -6.367374e+00 -6.107381e+00
9.400000e-08 -6.933601e+00 -6.650488e+00
9.450000e-08 -7.550180e+00 -7.241891e+00
9.500000e-08 -8.221589e+00 -7.885885e+00
9.550000e-08 -8.952704e+00 -8.587147e+00
9.600000e-08 -9.748834e+00 -9.350769e+00
9.650000e-08 -1.061576e+01 -1.018230e+01
9.700000e-08 -1.155978e+01 -1.108777e+01
9.750000e-08 -1.258775e+01 -1.207376e+01
9.800000e-08 -1.370713e+01 -1.314744e+01
9.850000e-08 -1.492605e+01 -1.431659e+01
9.900000e-08 -1.625337e+01 -1.558971e+01
9.950000e-08 -1.769872e+01 -1.697604e+01
1.000000e-07 -1.927259e+01 -1.848566e+01
1.005000e-07 -2.098643e+01 -2.012951e+01
1.010000e-07 -2.285267e+01 -2.191955e+01
1.015000e-07 -2.488487e+01 -2.386877e+01
1.020000e-07 -2.709779e+01 -2.599133e+01
1.025000e-07 -2.950749e+01 -2.830264e+01
1.030000e-07 -3.213147e+01 -3.081948e+01
1.035000e-07 -3.498880e+01 -3.356014e+01
1.040000e-07 -3.810021e+01 -3.654451e+01
1.045000e-07 -4.148831e+01 -3.979426e+01
1.050000e-07 -4.517770e+01 -4.333301e+01
1.055000e-07 -4.919517e+01 -4.718644e+01
1.060000e-07 -5.356990e+01 -5.138254e+01
1.065000e-07 -5.833365e+01 -5.595177e+01
1.070000e-07 -6.352102e+01 -6.092733e+01
1.075000e-07 -6.916968e+01 -6.634535e+01
1.080000e-07 -7.532065e+01 -7.224516e+01
1.085000e-07 -8.201859e+01 -7.866962e+01
1.090000e-07 -8.931215e+01 -8.566537e+01
1.095000e-07 -9.725429e+01 -9.328322e+01
1.100000e-07 -1.059027e+02 -1.015785e+02
1.105000e-07 -1.153201e+02 -1.106114e+02
1.110000e-07 -1.255750e+02 -1.204476e+02
1.115000e-07 -1.367418e+02 -1.311584e+02
1.120000e-07 -1.489016e+02 -1.428217e+02
1.125000e-07 -1.621427e+02 -1.555222e+02
1.130000e-07 -1.765613e+02 -1.693520e+02
1.135000e-07 -1.922620e+02 -1.844117e+02
1.140000e-07 -2.093589e+02 -2.008104e+02
1.145000e-07 -2.279761e+02 -2.186675e+02
1.150000e-07 -2.482488e+02 -2.381124e+02
1.155000e-07 -2.703241e+02 -2.592864e+02
1.160000e-07 -2.943625e+02 -2.823433e+02
1.165000e-07 -3.205385e+02 -3.074505e+02
1.170000e-07 -3.490420e+02 -3.347902e+02
1.175000e-07 -3.800801e+02 -3.645611e+02
1.180000e-07 -4.138782e+02 -3.969791e+02
1.185000e-07 -4.506816e+02 -4.322799e+02
1.190000e-07 -4.907575e+02 -4.707195e+02
1.195000e-07 -5.343970e+02 -5.125773e+02
1.200000e-07 -5.819168e+02 -5.581569e+02
1.205000e-07 -6.336621e+02 -6.077895e+02
1.210000e-07 -6.900083e+02 -6.618352e+02
1.215000e-07 -7.513647e+02 -7.206865e+02
1.220000e-07 -8.181767e+02 -7.847707e+02
1.225000e-07 -8.909292e+02 -8.545529e+02
1.230000e-07 -9.701504e+02 -9.305398e+02
1.235000e-07 -1.056415e+03 -1.013283e+03
1.240000e-07 -1.150350e+03 -1.103383e+03
1.245000e-07 -1.252637e+03 -1.201494e+03
1.250000e-07 -1.364018e+03 -1.308327e+03
1.255000e-07 -1.485301e+03 -1.424660e+03
1.260000e-07 -1.617368e+03 -1.551334e+03
1.265000e-07 -1.761175e+03 -1.689271e+03
1.270000e-07 -1.917767e+03 -1.839471e+03
1.275000e-07 -2.088280e+03 -2.003023e+03
1.280000e-07 -2.273951e+03 -2.181115e+03
1.285000e-07 -2.476127e+03 -2.375039e+03
1.290000e-07 -2.696275e+03 -2.586201e+03
1.295000e-07 -2.935992e+03 -2.816133e+03
1.300000e-07 -3.197015e+03 -3.066504e+03
1.305000e-07 -3.481239e+03 -3.339127e+03
1.310000e-07 -3.790724e+03 -3.635982e+03
1.315000e-07 -4.127714e+03 -3.959219e+03
1.320000e-07 -4.494652e+03 -4.311183e+03
1.325000e-07 -4.894197e+03 -4.694424e+03
1.330000e-07 -5.329244e+03 -5.111721e+03
1.335000e-07 -5.802947e+03 -5.566096e+03
1.340000e-07 -6.318735e+03 -6.060841e+03
1.345000e-07 -6.880344e+03 -6.599540e+03
1.350000e-07 -7.491842e+03 -7.186093e+03
1.355000e-07 -8.157653e+03 -7.824747e+03
1.360000e-07 -8.882596e+03 -8.520124e+03
1.365000e-07 -9.671915e+03 -9.277256e+03
1.370000e-07 -1.053132e+04 -1.010162e+04
1.375000e-07 -1.146702e+04 -1.099917e+04
1.380000e-07 -1.248578e+04 -1.197640e+04
1.385000e-07 -1.359495e+04 -1.304036e+04
1.390000e-07 -1.480255e+04 -1.419875e+04
1.395000e-07 -1.611728e+04 -1.545991e+04
1.400000e-07 -1.754863e+04 -1.683296e+04
1.405000e-07 -1.910691e+04 -1.832777e+04
1.410000e-07 -2.080335e+04 -1.995513e+04
1.415000e-07 -2.265015e+04 -2.172675e+04
1.420000e-07 -2.466060e+04 -2.365537e+04
1.425000e-07 -2.684913e+04 -2.575486e+04
1.430000e-07 -2.923145e+04 -2.804029e+04
1.435000e-07 -3.182465e+04 -3.052805e+04
1.440000e-07 -3.464729e+04 -3.323597e+04
1.445000e-07 -3.771957e+04 -3.618343e+04
1.450000e-07 -4.106344e+04 -3.939151e+04
1.455000e-07 -4.470274e+04 -4.288309e+04
1.460000e-07 -4.866339e+04 -4.668306e+04
1.465000e-07 -5.297354e+04 -5.081846e+04
1.470000e-07 -5.766378e+04 -5.531866e+04
1.475000e-07 -6.276732e+04 -6.021555e+04
1.480000e-07 -6.832022e+04 -6.554377e+04
1.485000e-07 -7.436160e+04 -7.134091e+04
1.490000e-07 -8.093393e+04 -7.764776e+04
1.495000e-07 -8.808327e+04 -8.450860e+04
1.500000e-07 -9.585957e+04 -9.197142e+04
1.505000e-07 -1.043170e+05 -1.000883e+05
1.510000e-07 -1.135141e+05 -1.089155e+05
1.515000e-07 -1.235145e+05 -1.185143e+05
1.520000e-07 -1.343870e+05 -1.289507e+05
1.525000e-07 -1.462059e+05 -1.402964e+05
1.530000e-07 -1.590517e+05 -1.526288e+05
1.535000e-07 -1.730113e+05 -1.660315e+05
1.540000e-07 -1.881785e+05 -1.805949e+05
1.545000e-07 -2.046548e+05 -1.964167e+05
1.550000e-07 -2.225493e+05 -2.136021e+05
1.555000e-07 -2.419796e+05 -2.322645e+05
1.560000e-07 -2.630724e+05 -2.525260e+05
1.565000e-07 -2.859637e+05 -2.745180e+05
1.570000e-07 -3.107997e+05 -2.983817e+05
1.575000e-07 -3.377372e+05 -3.242685e+05
1.580000e-07 -3.669440e+05 -3.523406e+05
1.585000e-07 -3.985995e+05 -3.827718e+05
1.590000e-07 -4.328956e+05 -4.157476e+05
1.595000e-07 -4.700362e+05 -4.514659e+05
1.600000e-07 -5.102388e+05 -4.901375e+05
1.605000e-07 -5.537337e+05 -5.319862e+05
1.610000e-07 -6.007651e+05 -5.772494e+05
1.615000e-07 -6.515907e+05 -6.261779e+05
1.620000e-07 -7.064821e+05 -6.790364e+05
1.625000e-07 -7.657242e+05 -7.361031e+05
1.630000e-07 -8.296152e+05 -7.976697e+05
1.635000e-07 -8.984658e+05 -8.640405e+05
1.640000e-07 -9.725988e+05 -9.355323e+05
1.645000e-07 -1.052347e+06 -1.012473e+06
1.650000e-07 -1.138054e+06 -1.095201e+06
1.655000e-07 -1.230069e+06 -1.184062e+06
1.660000e-07 -1.328749e+06 -1.279409e+06
1.665000e-07 -1.434451e+06 -1.381600e+06
1.670000e-07 -1.547535e+06 -1.490993e+06
1.675000e-07 -1.668357e+06 -1.607946e+06
1.680000e-07 -1.797264e+06 -1.732811e+06
1.685000e-07 -1.934595e+06 -1.865930e+06
1.690000e-07 -2.080673e+06 -2.007634e+06
1.695000e-07 -2.235798e+06 -2.158235e+06
1.700000e-07 -2.400249e+06 -2.318024e+06
1.705000e-07 -2.574273e+06 -2.487261e+06
1.710000e-07 -2.758081e+06 -2.666177e+06
1.715000e-07 -2.951846e+06 -2.854964e+06
1.720000e-07 -3.155695e+06 -3.053771e+06
1.725000e-07 -3.369705e+06 -3.262700e+06
1.730000e-07 -3.593904e+06 -3.481805e+06
1.735000e-07 -3.828261e+06 -3.711082e+06
1.740000e-07 -4.072689e+06 -3.950475e+06
1.745000e-07 -4.327044e+06 -4.199866e+06
1.750000e-07 -4.591123e+06 -4.459084e+06
1.755000e-07 -4.864668e+06 -4.727895e+06
1.760000e-07 -5.147366e+06 -5.006017e+06
1.765000e-07 -5.438856e+06 -5.293111e+06
1.770000e-07 -5.738732e+06 -5.588794e+06
1.775000e-07 -6.046551e+06 -5.892641e+06
1.780000e-07 -6.361837e+06 -6.204194e+06
1.785000e-07 -6.684092e+06 -6.522964e+06
1.790000e-07 -7.012802e+06 -6.848447e+06
1.795000e-07 -7.347443e+06 -7.180122e+06
1.800000e-07 -7.687495e+06 -7.517469e+06
1.805000e-07 -8.032441e+06 -7.859968e+06
1.810000e-07 -8.381781e+06 -8.207111e+06
1.815000e-07 -8.735032e+06 -8.558407e+06
1.820000e-07 -9.091739e+06 -8.913386e+06
1.825000e-07 -9.451473e+06 -9.271606e+06
1.830000e-07 -9.813838e+06 -9.632655e+06
1.835000e-07 -1.017847e+07 -9.996154e+06
1.840000e-07 -1.054504e+07 -1.036175e+07
1.845000e-07 -1.091325e+07 -1.072915e+07
1.850000e-07 -1.128285e+07 -1.109805e+07
1.855000e-07 -1.165360e+07 -1.146823e+07
1.860000e-07 -1.202531e+07 -1.183945e+07
1.865000e-07 -1.239779e+07 -1.221155e+07
1.870000e-07 -1.277092e+07 -1.258436e+07
1.875000e-07 -1.314456e+07 -1.295774e+07
1.880000e-07 -1.351861e+07 -1.333159e+07
1.885000e-07 -1.389300e+07 -1.370580e+07
1.890000e-07 -1.426764e+07 -1.408032e+07
1.895000e-07 -1.464248e+07 -1.445506e+07
1.900000e-07 -1.501748e+07 -1.482998e+07
1.905000e-07 -1.539260e+07 -1.520504e+07
1.910000e-07 -1.576781e+07 -1.558021e+07
1.915000e-07 -1.614310e+07 -1.595545e+07
1.920000e-07 -1.651843e+07 -1.633076e+07
1.925000e-07 -1.689381e+07 -1.670612e+07
1.930000e-07 -1.726921e+07 -1.708151e+07
1.935000e-07 -1.764464e+07 -1.745693e+07
1.940000e-07 -1.802008e+07 -1.783236e+07
1.945000e-07 -1.839553e+07 -1.820781e+07
1.950000e-07 -1.877099e+07 -1.858326e+07
1.955000e-07 -1.914646e+07 -1.895873e+07
1.960000e-07 -1.952193e+07 -1.933420e+07
1.965000e-07 -1.989740e+07 -1.970967e+07
1.970000e-07 -2.027288e+07 -2.008514e+07
1.975000e-07 -2.064836e+07 -2.046062e+07
1.980000e-07 -2.102383e+07 -2.083610e+07
1.985000e-07 -2.139931e+07 -2.121157e+07
1.990000e-07 -2.177479e+07 -2.158705e+07
1.995000e-07 -2.215027e+07 -2.196253e+07
2.000000e-07 -2.252575e+07 -2.233801e+07
2.005000e-07 -2.290123e+07 -2.271349e+07
2.010000e-07 -2.327671e+07 -2.308897e+07
2.015000e-07 -2.365219e+07 -2.346445e+07
2.020000e-07 -2.365219e+07 -2.365219e+07
2.025000e-07 -2.365219e+07 -2.365219e+07
2.030000e-07 -2.365219e+07 -2.365219e+07
2.035000e-07 -2.365218e+07 -2.365218e+07
2.040000e-07 -2.365218e+07 -2.365218e+07
2.045000e-07 -2.365217e+07 -2.365218e+07
2.050000e-07 -2.365217e+07 -2.365217e+07
2.055000e-07 -2.365217e+07 -2.365217e+07
2.060000e-07 -2.365217e+07 -2.365217e+07
2.065000e-07 -2.365217e+07 -2.365217e+07
2.070000e-07 -2.365217e+07 -2.365217e+07
2.075000e-07 -2.365217e+07 -2.365217e+07
2.080000e-07 -2.365217e+07 -2.365217e+07
2.085000e-07 -2.365217e+07 -2.365217e+07
2.090000e-07 -2.365217e+07 -2.365217e+07
2.095000e-07 -2.365217e+07 -2.365217e+07
2.100000e-07 -2.365217e+07 -2.365217e+07
2.105000e-07 -2.365217e+07 -2.365217e+07
2.110000e-07 -2.365217e+07 -2.365217e+07
2.115000e-07 -2.365217e+07 -2.365217e+07
2.120000e-07 -2.365217e+07 -2.365217e+07
2.125000e-07 -2.365217e+07 -2.365217e+07
2.130000e-07 -2.365217e+07 -2.365217e+07
2.135000e-07 -2.365217e+07 -2.365217e+07
2.140000e-07 -2.365217e+07 -2.365217e+07
2.145000e-07 -2.365217e+07 -2.365217e+07
2.150000e-07 -2.365217e+07 -2.365217e+07
2.155000e-07 -2.365217e+07 -2.365217e+07
2.160000e-07 -2.365217e+07 -2.365217e+07
2.165000e-07 -2.365217e+07 -2.365217e+07
2.170000e-07 -2.365217e+07 -2.365217e+07
2.175000e-07 -2.365217e+07 -2.365217e+07
2.180000e-07 -2.365217e+07 -2.365217e+07
2.185000e-07 -2.365217e+07 -2.365217e+07
2.190000e-07 -2.365217e+07 -2.365217e+07
2.195000e-07 -2.365217e+07 -2.365217e+07
2.200000e-07 -2.365217e+07 -2.365217e+07
2.205000e-07 -2.365217e+07 -2.365217e+07
2.210000e-07 -2.365217e+07 -2.365217e+07
2.215000e-07 -2.365217e+07 -2.365217e+07
2.220000e-07 -2.365217e+07 -2.365217e+07
2.225000e-07 -2.365217e+07 -2.365217e+07
2.230000e-07 -2.365217e+07 -2.365217e+07
2.235000e-07 -2.365217e+07 -2.365217e+07
2.240000e-07 -2.365217e+07 -2.365217e+07
2.245000e-07 -2.365217e+07 -2.365217e+07
2.250000e-07 -2.365217e+07 -2.365217e+07
2.255000e-07 -2.365217e+07 -2.365217e+07
2.260000e-07 -2.365217e+07 -2.365217e+07
2.265000e-07 -2.365217e+07 -2.365217e+07
2.270000e-07 -2.365217e+07 -2.365217e+07
2.275000e-07 -2.365217e+07 -2.365217e+07
2.280000e-07 -2.365217e+07 -2.365217e+07
2.285000e-07 -2.365217e+07 -2.365217e+07
2.290000e-07 -2.365217e+07 -2.365217e+07
2.295000e-07 -2.365217e+07 -2.365217e+07
2.300000e-07 -2.365217e+07 -2.365217e+07
2.305000e-07 -2.365217e+07 -2.365217e+07
2.310000e-07 -2.365217e+07 -2.365217e+07
2.315000e-07 -2.365217e+07 -2.365217e+07
2.320000e-07 -2.365217e+07 -2.365217e+07
2.325000e-07 -2.365217e+07 -2.365217e+07
2.330000e-07 -2.365217e+07 -2.365217e+07
2.335000e-07 -2.365217e+07 -2.365217e+07
2.340000e-07 -2.365217e+07 -2.365217e+07
2.345000e-07 -2.365217e+07 -2.365217e+07
2.350000e-07 -2.365217e+07 -2.365217e+07
2.355000e-07 -2.365217e+07 -2.365217e+07
2.360000e-07 -2.365217e+07 -2.365217e+07
2.365000e-07 -2.365217e+07 -2.365217e+07
2.370000e-07 -2.365217e+07 -2.365217e+07
2.375000e-07 -2.365217e+07 -2.365217e+07
2.380000e-07 -2.365217e+07 -2.365217e+07
2.385000e-07 -2.365217e+07 -2.365217e+07
2.390000e-07 -2.365217e+07 -2.365217e+07
2.395000e-07 -2.365217e+07 -2.365217e+07
2.400000e-07 -2.365217e+07 -2.365217e+07
2.405000e-07 -2.365217e+07 -2.365217e+07
2.410000e-07 -2.365217e+07 -2.365217e+07
2.415000e-07 -2.365217e+07 -2.365217e+07
2.420000e-07 -2.327669e+07 -2.346443e+07
2.425000e-07 -2.290121e+07 -2.308895e+07
2.430000e-07 -2.252573e+07 -2.271347e+07
2.435000e-07 -2.215025e+07 -2.233799e+07
2.440000e-07 -2.177477e+07 -2.196251e+07
2.445000e-07 -2.139930e+07 -2.158703e+07
2.450000e-07 -2.102382e+07 -2.121156e+07
2.455000e-07 -2.064834e+07 -2.083608e+07
2.460000e-07 -2.027286e+07 -2.046060e+07
2.465000e-07 -1.989739e+07 -2.008512e+07
2.470000e-07 -1.952191e+07 -1.970965e+07
2.475000e-07 -1.914644e+07 -1.933418e+07
2.480000e-07 -1.877098e+07 -1.895871e+07
2.485000e-07 -1.839552e+07 -1.858325e+07
2.490000e-07 -1.802006e+07 -1.820779e+07
2.495000e-07 -1.764462e+07 -1.783234e+07
2.500000e-07 -1.726920e+07 -1.745691e+07
2.505000e-07 -1.689379e+07 -1.708149e+07
2.510000e-07 -1.651842e+07 -1.670610e+07
2.515000e-07 -1.614308e+07 -1.633075e+07
2.520000e-07 -1.576780e+07 -1.595544e+07
2.525000e-07 -1.539258e+07 -1.558019e+07
2.530000e-07 -1.501746e+07 -1.520502e+07
2.535000e-07 -1.464246e+07 -1.482996e+07
2.540000e-07 -1.426762e+07 -1.445504e+07
2.545000e-07 -1.389298e+07 -1.408030e+07
2.550000e-07 -1.351860e+07 -1.370579e+07
2.555000e-07 -1.314454e+07 -1.333157e+07
2.560000e-07 -1.277090e+07 -1.295772e+07
2.565000e-07 -1.239778e+07 -1.258434e+07
2.570000e-07 -1.202529e+07 -1.221153e+07
2.575000e-07 -1.165358e+07 -1.183944e+07
2.580000e-07 -1.128283e+07 -1.146821e+07
2.585000e-07 -1.091324e+07 -1.109804e+07
2.590000e-07 -1.054502e+07 -1.072913e+07
2.595000e-07 -1.017845e+07 -1.036174e+07
2.600000e-07 -9.813821e+06 -9.996137e+06
2.605000e-07 -9.451457e+06 -9.632639e+06
2.610000e-07 -9.091723e+06 -9.271590e+06
2.615000e-07 -8.735016e+06 -8.913370e+06
2.620000e-07 -8.381765e+06 -8.558390e+06
2.625000e-07 -8.032425e+06 -8.207095e+06
2.630000e-07 -7.687479e+06 -7.859952e+06
2.635000e-07 -7.347428e+06 -7.517454e+06
2.640000e-07 -7.012786e+06 -7.180107e+06
2.645000e-07 -6.684077e+06 -6.848432e+06
2.650000e-07 -6.361822e+06 -6.522950e+06
2.655000e-07 -6.046537e+06 -6.204179e+06
2.660000e-07 -5.738718e+06 -5.892627e+06
2.665000e-07 -5.438842e+06 -5.588780e+06
2.670000e-07 -5.147353e+06 -5.293098e+06
2.675000e-07 -4.864655e+06 -5.006004e+06
2.680000e-07 -4.591111e+06 -4.727883e+06
2.685000e-07 -4.327032e+06 -4.459071e+06
2.690000e-07 -4.072678e+06 -4.199855e+06
2.695000e-07 -3.828250e+06 -3.950464e+06
2.700000e-07 -3.593893e+06 -3.711072e+06
2.705000e-07 -3.369695e+06 -3.481794e+06
2.710000e-07 -3.155685e+06 -3.262690e+06
2.715000e-07 -2.951837e+06 -3.053761e+06
2.720000e-07 -2.758073e+06 -2.854955e+06
2.725000e-07 -2.574265e+06 -2.666169e+06
2.730000e-07 -2.400242e+06 -2.487253e+06
2.735000e-07 -2.235791e+06 -2.318016e+06
2.740000e-07 -2.080666e+06 -2.158228e+06
2.745000e-07 -1.934589e+06 -2.007627e+06
2.750000e-07 -1.797258e+06 -1.865924e+06
2.755000e-07 -1.668351e+06 -1.732805e+06
2.760000e-07 -1.547530e+06 -1.607941e+06
2.765000e-07 -1.434446e+06 -1.490988e+06
2.770000e-07 -1.328744e+06 -1.381595e+06
2.775000e-07 -1.230065e+06 -1.279405e+06
2.780000e-07 -1.138050e+06 -1.184058e+06
2.785000e-07 -1.052344e+06 -1.095197e+06
2.790000e-07 -9.725953e+05 -1.012469e+06
2.795000e-07 -8.984626e+05 -9.355289e+05
2.800000e-07 -8.296121e+05 -8.640374e+05
2.805000e-07 -7.657214e+05 -7.976668e+05
2.810000e-07 -7.064795e+05 -7.361004e+05
2.815000e-07 -6.515883e+05 -6.790339e+05
2.820000e-07 -6.007628e+05 -6.261756e+05
2.825000e-07 -5.537316e+05 -5.772472e+05
2.830000e-07 -5.102368e+05 -5.319842e+05
2.835000e-07 -4.700345e+05 -4.901356e+05
2.840000e-07 -4.328939e+05 -4.514642e+05
2.845000e-07 -3.985980e+05 -4.157460e+05
2.850000e-07 -3.669426e+05 -3.827703e+05
2.855000e-07 -3.377359e+05 -3.523393e+05
2.860000e-07 -3.107986e+05 -3.242672e+05
2.865000e-07 -2.859626e+05 -2.983806e+05
2.870000e-07 -2.630714e+05 -2.745170e+05
2.875000e-07 -2.419787e+05 -2.525250e+05
2.880000e-07 -2.225484e+05 -2.322636e+05
2.885000e-07 -2.046540e+05 -2.136012e+05
2.890000e-07 -1.881778e+05 -1.964159e+05
2.895000e-07 -1.730106e+05 -1.805942e+05
2.900000e-07 -1.590510e+05 -1.660308e+05
2.905000e-07 -1.462053e+05 -1.526282e+05
2.910000e-07 -1.343865e+05 -1.402959e+05
2.915000e-07 -1.235140e+05 -1.289502e+05
2.920000e-07 -1.135137e+05 -1.185138e+05
2.925000e-07 -1.043166e+05 -1.089151e+05
2.930000e-07 -9.585920e+04 -1.000879e+05
2.935000e-07 -8.808293e+04 -9.197107e+04
2.940000e-07 -8.093362e+04 -8.450827e+04
2.945000e-07 -7.436131e+04 -7.764746e+04
2.950000e-07 -6.831995e+04 -7.134063e+04
2.955000e-07 -6.276708e+04 -6.554352e+04
2.960000e-07 -5.766356e+04 -6.021532e+04
2.965000e-07 -5.297333e+04 -5.531845e+04
2.970000e-07 -4.866320e+04 -5.081827e+04
2.975000e-07 -4.470256e+04 -4.668288e+04
2.980000e-07 -4.106328e+04 -4.288292e+04
2.985000e-07 -3.771943e+04 -3.939135e+04
2.990000e-07 -3.464716e+04 -3.618329e+04
2.995000e-07 -3.182452e+04 -3.323584e+04
3.000000e-07 -2.923134e+04 -3.052793e+04
3.005000e-07 -2.684902e+04 -2.804018e+04
3.010000e-07 -2.466050e+04 -2.575476e+04
3.015000e-07 -2.265006e+04 -2.365528e+04
3.020000e-07 -2.080327e+04 -2.172667e+04
3.025000e-07 -1.910684e+04 -1.995506e+04
3.030000e-07 -1.754856e+04 -1.832770e+04
3.035000e-07 -1.611722e+04 -1.683289e+04
3.040000e-07 -1.480249e+04 -1.545985e+04
3.045000e-07 -1.359490e+04 -1.419869e+04
3.050000e-07 -1.248573e+04 -1.304031e+04
3.055000e-07 -1.146697e+04 -1.197635e+04
3.060000e-07 -1.053128e+04 -1.099913e+04
3.065000e-07 -9.671878e+03 -1.010158e+04
3.070000e-07 -8.882561e+03 -9.277219e+03
3.075000e-07 -8.157621e+03 -8.520091e+03
3.080000e-07 -7.491813e+03 -7.824717e+03
3.085000e-07 -6.880318e+03 -7.186065e+03
3.090000e-07 -6.318710e+03 -6.599514e+03
3.095000e-07 -5.802924e+03 -6.060817e+03
3.100000e-07 -5.329224e+03 -5.566074e+03
3.105000e-07 -4.894178e+03 -5.111701e+03
3.110000e-07 -4.494635e+03 -4.694406e+03
3.115000e-07 -4.127698e+03 -4.311166e+03
3.120000e-07 -3.790710e+03 -3.959204e+03
3.125000e-07 -3.481226e+03 -3.635968e+03
3.130000e-07 -3.197003e+03 -3.339114e+03
3.135000e-07 -2.935980e+03 -3.066492e+03
3.140000e-07 -2.696265e+03 -2.816122e+03
3.145000e-07 -2.476118e+03 -2.586191e+03
3.150000e-07 -2.273942e+03 -2.375030e+03
3.155000e-07 -2.088272e+03 -2.181107e+03
3.160000e-07 -1.917759e+03 -2.003016e+03
3.165000e-07 -1.761168e+03 -1.839464e+03
3.170000e-07 -1.617361e+03 -1.689265e+03
3.175000e-07 -1.485296e+03 -1.551328e+03
3.180000e-07 -1.364013e+03 -1.424654e+03
3.185000e-07 -1.252632e+03 -1.308322e+03
3.190000e-07 -1.150346e+03 -1.201489e+03
3.195000e-07 -1.056411e+03 -1.103379e+03
3.200000e-07 -9.701466e+02 -1.013279e+03
3.205000e-07 -8.909257e+02 -9.305362e+02
3.210000e-07 -8.181735e+02 -8.545496e+02
3.215000e-07 -7.513618e+02 -7.847677e+02
3.220000e-07 -6.900057e+02 -7.206837e+02
3.225000e-07 -6.336596e+02 -6.618326e+02
3.230000e-07 -5.819146e+02 -6.077871e+02
3.235000e-07 -5.343949e+02 -5.581548e+02
3.240000e-07 -4.907556e+02 -5.125753e+02
3.245000e-07 -4.506798e+02 -4.707177e+02
3.250000e-07 -4.138766e+02 -4.322782e+02
3.255000e-07 -3.800786e+02 -3.969776e+02
3.260000e-07 -3.490406e+02 -3.645596e+02
3.265000e-07 -3.205372e+02 -3.347889e+02
3.270000e-07 -2.943614e+02 -3.074493e+02
3.275000e-07 -2.703231e+02 -2.823422e+02
3.280000e-07 -2.482478e+02 -2.592854e+02
3.285000e-07 -2.279752e+02 -2.381115e+02
3.290000e-07 -2.093581e+02 -2.186666e+02
3.295000e-07 -1.922613e+02 -2.008097e+02
3.300000e-07 -1.765606e+02 -1.844109e+02
3.305000e-07 -1.621421e+02 -1.693514e+02
3.310000e-07 -1.489011e+02 -1.555216e+02
3.315000e-07 -1.367413e+02 -1.428212e+02
3.320000e-07 -1.255745e+02 -1.311579e+02
3.325000e-07 -1.153197e+02 -1.204471e+02
3.330000e-07 -1.059023e+02 -1.106110e+02
3.335000e-07 -9.725391e+01 -1.015781e+02
3.340000e-07 -8.931180e+01 -9.328285e+01
3.345000e-07 -8.201827e+01 -8.566504e+01
3.350000e-07 -7.532035e+01 -7.866931e+01
3.355000e-07 -6.916941e+01 -7.224488e+01
3.360000e-07 -6.352077e+01 -6.634509e+01
3.365000e-07 -5.833342e+01 -6.092710e+01
3.370000e-07 -5.356969e+01 -5.595156e+01
3.375000e-07 -4.919498e+01 -5.138234e+01
3.380000e-07 -4.517753e+01 -4.718625e+01
3.385000e-07 -4.148815e+01 -4.333284e+01
3.390000e-07 -3.810007e+01 -3.979411e+01
3.395000e-07 -3.498866e+01 -3.654436e+01
3.400000e-07 -3.213135e+01 -3.356001e+01
3.405000e-07 -2.950738e+01 -3.081936e+01
3.410000e-07 -2.709768e+01 -2.830253e+01
3.415000e-07 -2.488478e+01 -2.599123e+01
3.420000e-07 -2.285259e+01 -2.386868e+01
3.425000e-07 -2.098635e+01 -2.191947e+01
3.430000e-07 -1.927252e+01 -2.012944e+01
3.435000e-07 -1.769865e+01 -1.848558e+01
3.440000e-07 -1.625330e+01 -1.697598e+01
3.445000e-07 -1.492599e+01 -1.558965e+01
3.450000e-07 -1.370707e+01 -1.431653e+01
3.455000e-07 -1.258770e+01 -1.314739e+01
3.460000e-07 -1.155974e+01 -1.207372e+01
3.465000e-07 -1.061572e+01 -1.108773e+01
3.470000e-07 -9.748796e+00 -1.018226e+01
3.475000e-07 -8.952669e+00 -9.350733e+00
3.480000e-07 -8.221558e+00 -8.587113e+00
3.485000e-07 -7.550151e+00 -7.885854e+00
3.490000e-07 -6.933574e+00 -7.241863e+00
3.495000e-07 -6.367350e+00 -6.650462e+00
3.500000e-07 -5.847366e+00 -6.107358e+00
3.505000e-07 -5.369846e+00 -5.608606e+00
3.510000e-07 -4.931323e+00 -5.150584e+00
3.515000e-07 -4.528610e+00 -4.729966e+00
3.520000e-07 -4.158785e+00 -4.343698e+00
3.525000e-07 -3.819161e+00 -3.988973e+00
3.530000e-07 -3.507272e+00 -3.663216e+00
3.535000e-07 -3.220854e+00 -3.364063e+00
3.540000e-07 -2.957825e+00 -3.089340e+00
3.545000e-07 -2.716276e+00 -2.837051e+00
3.550000e-07 -2.494454e+00 -2.605365e+00
3.555000e-07 -2.290747e+00 -2.392601e+00
3.560000e-07 -2.103675e+00 -2.197211e+00
3.565000e-07 -1.931880e+00 -2.017778e+00
3.570000e-07 -1.774115e+00 -1.852997e+00
3.575000e-07 -1.629233e+00 -1.701674e+00
3.580000e-07 -1.496183e+00 -1.562708e+00
3.585000e-07 -1.373999e+00 -1.435091e+00
3.590000e-07 -1.261792e+00 -1.317895e+00
3.595000e-07 -1.158748e+00 -1.210270e+00
3.600000e-07 -1.064120e+00 -1.111434e+00
3.605000e-07 -9.772193e-01 -1.020670e+00
3.610000e-07 -8.974156e-01 -9.373174e-01
3.615000e-07 -8.241293e-01 -8.607724e-01
3.620000e-07 -7.568268e-01 -7.904780e-01
3.625000e-07 -6.950211e-01 -7.259240e-01
3.630000e-07 -6.382628e-01 -6.666419e-01
3.635000e-07 -5.861401e-01 -6.122014e-01
3.640000e-07 -5.382738e-01 -5.622070e-01
3.645000e-07 -4.943158e-01 -5.162948e-01
3.650000e-07 -4.539485e-01 -4.741321e-01
3.655000e-07 -4.168769e-01 -4.354127e-01
3.660000e-07 -3.828334e-01 -3.998551e-01
3.665000e-07 -3.515697e-01 -3.672015e-01
3.670000e-07 -3.228594e-01 -3.372145e-01
3.675000e-07 -2.964929e-01 -3.096761e-01
3.680000e-07 -2.722800e-01 -2.843865e-01
3.685000e-07 -2.500448e-01 -2.611624e-01
3.690000e-07 -2.296247e-01 -2.398347e-01
3.695000e-07 -2.108722e-01 -2.202484e-01
3.700000e-07 -1.936513e-01 -2.022617e-01
3.705000e-07 -1.778378e-01 -1.857445e-01
3.710000e-07 -1.633142e-01 -1.705760e-01
3.715000e-07 -1.499772e-01 -1.566457e-01
3.720000e-07 -1.377291e-01 -1.438531e-01
3.725000e-07 -1.264818e-01 -1.321055e-01
3.730000e-07 -1.161529e-01 -1.213174e-01
3.735000e-07 -1.066675e-01 -1.114102e-01
3.740000e-07 -9.795661e-02 -1.023121e-01
3.745000e-07 -8.995692e-02 -9.395676e-02
3.750000e-07 -8.261043e-02 -8.628368e-02
3.755000e-07 -7.586424e-02 -7.923734e-02
3.760000e-07 -6.966838e-02 -7.276631e-02
3.765000e-07 -6.397915e-02 -6.682377e-02
3.770000e-07 -5.875464e-02 -6.136689e-02
3.775000e-07 -5.395630e-02 -5.635547e-02
3.780000e-07 -4.954995e-02 -5.175312e-02
3.785000e-07 -4.550326e-02 -4.752660e-02
3.790000e-07 -4.178685e-02 -4.364506e-02
3.795000e-07 -3.837463e-02 -4.008074e-02
3.800000e-07 -3.524051e-02 -3.680757e-02
3.805000e-07 -3.236320e-02 -3.380186e-02
3.810000e-07 -2.971953e-02 -3.104137e-02
3.815000e-07 -2.729263e-02 -2.850608e-02
3.820000e-07 -2.506373e-02 -2.617818e-02
3.825000e-07 -2.301669e-02 -2.404021e-02
3.830000e-07 -2.113718e-02 -2.207694e-02
3.835000e-07 -1.941123e-02 -2.027421e-02
3.840000e-07 -1.782562e-02 -1.861843e-02
3.845000e-07 -1.637006e-02 -1.709784e-02
3.850000e-07 -1.503280e-02 -1.570143e-02
3.855000e-07 -1.380502e-02 -1.441891e-02
3.860000e-07 -1.267790e-02 -1.324146e-02
3.865000e-07 -1.164226e-02 -1.216008e-02
3.870000e-07 -1.069148e-02 -1.116687e-02
3.875000e-07 -9.818585e-03 -1.025503e-02
3.880000e-07 -9.016596e-03 -9.417591e-03
3.885000e-07 -8.280000e-03 -8.648298e-03
3.890000e-07 -7.604022e-03 -7.942011e-03
3.895000e-07 -6.983150e-03 -7.293586e-03
3.900000e-07 -6.412977e-03 -6.698064e-03
3.905000e-07 -5.889094e-03 -6.151035e-03
3.910000e-07 -5.408194e-03 -5.648644e-03
3.915000e-07 -4.966236e-03 -5.187215e-03
3.920000e-07 -4.561384e-03 -4.763810e-03
3.925000e-07 -4.188861e-03 -4.375123e-03
3.930000e-07 -3.846464e-03 -4.017663e-03
3.935000e-07 -3.532354e-03 -3.689409e-03
3.940000e-07 -3.243961e-03 -3.388158e-03
3.945000e-07 -2.978713e-03 -3.111337e-03
3.950000e-07 -2.735508e-03 -2.857111e-03
3.955000e-07 -2.512509e-03 -2.624008e-03
3.960000e-07 -2.306776e-03 -2.409642e-03
3.965000e-07 -2.118678e-03 -2.212727e-03
3.970000e-07 -1.946009e-03 -2.032344e-03
3.975000e-07 -1.786934e-03 -1.866472e-03
3.980000e-07 -1.641084e-03 -1.714009e-03
3.985000e-07 -1.507726e-03 -1.574405e-03
3.990000e-07 -1.384286e-03 -1.446006e-03
3.995000e-07 -1.271133e-03 -1.327710e-03
4.000000e-07 -1.167165e-03 -1.219149e-03
4.005000e-07 -1.072013e-03 -1.119589e-03
4.010000e-07 -9.842098e-04 -1.028112e-03
4.015000e-07 -9.044884e-04 -9.443491e-04
4.020000e-07 -8.306451e-04 -8.675668e-04
4.025000e-07 -7.630473e-04 -7.968462e-04
4.030000e-07 -7.009601e-04 -7.320037e-04
4.035000e-07 -6.436489e-04 -6.723045e-04
4.040000e-07 -5.907463e-04 -6.171976e-04
4.045000e-07 -5.426196e-04 -5.666829e-04
4.050000e-07 -4.981666e-04 -5.203931e-04
4.055000e-07 -4.570201e-04 -4.775934e-04
4.060000e-07 -4.199148e-04 -4.384675e-04
4.065000e-07 -3.850137e-04 -4.024643e-04
4.070000e-07 -3.534191e-04 -3.692164e-04
4.075000e-07 -3.254983e-04 -3.394587e-04
4.080000e-07 -2.990469e-04 -3.122726e-04
4.085000e-07 -2.747999e-04 -2.869234e-04
4.090000e-07 -2.527571e-04 -2.637785e-04
4.095000e-07 -2.321839e-04 -2.424705e-04
4.100000e-07 -2.127127e-04 -2.224483e-04
4.105000e-07 -1.950785e-04 -2.038956e-04
4.110000e-07 -1.792812e-04 -1.871799e-04
4.115000e-07 -1.642187e-04 -1.717499e-04
4.120000e-07 -1.509930e-04 -1.576058e-04
4.125000e-07 -1.385021e-04 -1.447475e-04
4.130000e-07 -1.271133e-04 -1.328077e-04
4.135000e-07 -1.168267e-04 -1.219700e-04
4.140000e-07 -1.076422e-04 -1.122344e-04
4.145000e-07 -9.845771e-05 -1.030500e-04
4.150000e-07 -9.037536e-05 -9.441654e-05
4.155000e-07 -8.302777e-05 -8.670157e-05
4.160000e-07 -7.604756e-05 -7.953767e-05
4.165000e-07 -7.016949e-05 -7.310853e-05
4.170000e-07 -6.392404e-05 -6.704676e-05
4.175000e-07 -5.878072e-05 -6.135238e-05
4.180000e-07 -5.437217e-05 -5.657645e-05
4.185000e-07 -4.996362e-05 -5.216789e-05
4.190000e-07 -4.628982e-05 -4.812672e-05
4.195000e-07 -4.224865e-05 -4.426923e-05
4.200000e-07 -3.894223e-05 -4.059544e-05
4.205000e-07 -3.563581e-05 -3.728902e-05
4.210000e-07 -3.269678e-05 -3.416630e-05
4.215000e-07 -2.975774e-05 -3.122726e-05
4.220000e-07 -2.718609e-05 -2.847191e-05
4.225000e-07 -2.498181e-05 -2.608395e-05
4.230000e-07 -2.277753e-05 -2.387967e-05
4.235000e-07 -2.094063e-05 -2.185908e-05
4.240000e-07 -1.910374e-05 -2.002218e-05
4.245000e-07 -1.726684e-05 -1.818529e-05
4.250000e-07 -1.579732e-05 -1.653208e-05
4.255000e-07 -1.432780e-05 -1.506256e-05
4.260000e-07 -1.359304e-05 -1.396042e-05
4.265000e-07 -1.285828e-05 -1.322566e-05
4.270000e-07 -1.212352e-05 -1.249090e-05
4.275000e-07 -1.102139e-05 -1.157246e-05
4.280000e-07 -9.551868e-06 -1.028663e-05
4.285000e-07 -8.817109e-06 -9.184488e-06
4.290000e-07 -8.082350e-06 -8.449729e-06
4.295000e-07 -8.082350e-06 -8.082350e-06
4.300000e-07 -7.347591e-06 -7.714970e-06
4.305000e-07 -6.980211e-06 -7.163901e-06
4.310000e-07 -6.612832e-06 -6.796521e-06
4.315000e-07 -5.878072e-06 -6.245452e-06
4.320000e-07 -5.878072e-06 -5.878072e-06
4.325000e-07 -4.775934e-06 -5.327003e-06
4.330000e-07 -4.041175e-06 -4.408554e-06
4.335000e-07 -4.041175e-06 -4.041175e-06
4.340000e-07 -3.673795e-06 -3.857485e-06
4.345000e-07 -3.306416e-06 -3.490106e-06
4.350000e-07 -2.939036e-06 -3.122726e-06
4.355000e-07 -2.939036e-06 -2.939036e-06
4.360000e-07 -3.306416e-06 -3.122726e-06
4.365000e-07 -3.306416e-06 -3.306416e-06
4.370000e-07 -2.939036e-06 -3.122726e-06
4.375000e-07 -2.939036e-06 -2.939036e-06
4.380000e-07 -2.939036e-06 -2.939036e-06
4.385000e-07 -2.939036e-06 -2.939036e-06
4.390000e-07 -2.571657e-06 -2.755346e-06
4.395000e-07 -3.306416e-06 -2.939036e-06
4.400000e-07 -3.673795e-06 -3.490106e-06
4.405000e-07 -2.939036e-06 -3.306416e-06
4.410000e-07 -2.939036e-06 -2.939036e-06
4.415000e-07 -2.571657e-06 -2.755346e-06
4.420000e-07 -2.204277e-06 -2.387967e-06
4.425000e-07 -2.204277e-06 -2.204277e-06
4.430000e-07 -2.571657e-06 -2.387967e-06
4.435000e-07 -2.571657e-06 -2.387967e-06
