0.000000e+00 0.000000e+00 0.000000e+00 0.000000e+00
1.000000e-10 2.020034e-08 3.210097e-07 6.334579e-05
2.000000e-10 4.048336e-08 6.428951e-07 1.267297e-04
3.000000e-10 6.093074e-08 9.665132e-07 1.901860e-04
4.000000e-10 8.162473e-08 1.292725e-06 2.537485e-04
5.000000e-10 1.026486e-07 1.622397e-06 3.174512e-04
6.000000e-10 1.240867e-07 1.956404e-06 3.813276e-04
7.000000e-10 1.460252e-07 2.295631e-06 4.454113e-04
8.000000e-10 1.685522e-07 2.640976e-06 5.097354e-04
9.000000e-10 1.917579e-07 2.993352e-06 5.743333e-04
1.000000e-09 2.157354e-07 3.353690e-06 6.392380e-04
1.100000e-09 2.405807e-07 3.722940e-06 7.044825e-04
1.200000e-09 2.663932e-07 4.102075e-06 7.700997e-04
1.300000e-09 2.932763e-07 4.492093e-06 8.361224e-04
1.400000e-09 3.213373e-07 4.894020e-06 9.025835e-04
1.500000e-09 3.506885e-07 5.308911e-06 9.695157e-04
1.600000e-09 3.814470e-07 5.737854e-06 1.036952e-03
1.700000e-09 4.137356e-07 6.181974e-06 1.104924e-03
1.800000e-09 4.476831e-07 6.642434e-06 1.173466e-03
1.900000e-09 4.834249e-07 7.120438e-06 1.242610e-03
2.000000e-09 5.211035e-07 7.617236e-06 1.312389e-03
2.100000e-09 5.608689e-07 8.134124e-06 1.382836e-03
2.200000e-09 6.028794e-07 8.672452e-06 1.453983e-03
2.300000e-09 6.473023e-07 9.233622e-06 1.525864e-03
2.400000e-09 6.943143e-07 9.819095e-06 1.598511e-03
2.500000e-09 7.441022e-07 1.043040e-05 1.671959e-03
2.600000e-09 7.968640e-07 1.106911e-05 1.746239e-03
2.700000e-09 8.528092e-07 1.173690e-05 1.821386e-03
2.800000e-09 9.121601e-07 1.243550e-05 1.897433e-03
2.900000e-09 9.751521e-07 1.316672e-05 1.974413e-03
3.000000e-09 1.042035e-06 1.393245e-05 2.052361e-03
3.100000e-09 1.113075e-06 1.473468e-05 2.131310e-03
3.200000e-09 1.188552e-06 1.557549e-05 2.211294e-03
3.300000e-09 1.268767e-06 1.645703e-05 2.292349e-03
3.400000e-09 1.354036e-06 1.738161e-05 2.374508e-03
3.500000e-09 1.444697e-06 1.835159e-05 2.457806e-03
3.600000e-09 1.541110e-06 1.936948e-05 2.542277e-03
3.700000e-09 1.643655e-06 2.043791e-05 2.627959e-03
3.800000e-09 1.752738e-06 2.155962e-05 2.714884e-03
3.900000e-09 1.868791e-06 2.273751e-05 2.803090e-03
4.000000e-09 1.992271e-06 2.397461e-05 2.892612e-03
4.100000e-09 2.123666e-06 2.527408e-05 2.983487e-03
4.200000e-09 2.263496e-06 2.663927e-05 3.075750e-03
4.300000e-09 2.412312e-06 2.807369e-05 3.169438e-03
4.400000e-09 2.570700e-06 2.958100e-05 3.264589e-03
4.500000e-09 2.739287e-06 3.116508e-05 3.361240e-03
4.600000e-09 2.918735e-06 3.282998e-05 3.459428e-03
4.700000e-09 3.109753e-06 3.457996e-05 3.559191e-03
4.800000e-09 3.313091e-06 3.641949e-05 3.660567e-03
4.900000e-09 3.529552e-06 3.835328e-05 3.763595e-03
5.000000e-09 3.759987e-06 4.038626e-05 3.868315e-03
5.100000e-09 4.005302e-06 4.252362e-05 3.974764e-03
5.200000e-09 4.266462e-06 4.477081e-05 4.082983e-03
5.300000e-09 4.544493e-06 4.713356e-05 4.193011e-03
5.400000e-09 4.840488e-06 4.961788e-05 4.304889e-03
5.500000e-09 5.155610e-06 5.223009e-05 4.418658e-03
5.600000e-09 5.491095e-06 5.497684e-05 4.534358e-03
5.700000e-09 5.848260e-06 5.786510e-05 4.652032e-03
5.800000e-09 6.228506e-06 6.090222e-05 4.771720e-03
5.900000e-09 6.633324e-06 6.409588e-05 4.893465e-03
6.000000e-09 7.064301e-06 6.745420e-05 5.017309e-03
6.100000e-09 7.523126e-06 7.098568e-05 5.143297e-03
6.200000e-09 8.011595e-06 7.469927e-05 5.271470e-03
6.300000e-09 8.531621e-06 7.860436e-05 5.401873e-03
6.400000e-09 9.085239e-06 8.271082e-05 5.534550e-03
6.500000e-09 9.674614e-06 8.702903e-05 5.669546e-03
6.600000e-09 1.030205e-05 9.156989e-05 5.806906e-03
6.700000e-09 1.097000e-05 9.634487e-05 5.946676e-03
6.800000e-09 1.168108e-05 1.013660e-04 6.088901e-03
6.900000e-09 1.243806e-05 1.066459e-04 6.233627e-03
7.000000e-09 1.324389e-05 1.121980e-04 6.380903e-03
7.100000e-09 1.410173e-05 1.180360e-04 6.530775e-03
7.200000e-09 1.501492e-05 1.241749e-04 6.683291e-03
7.300000e-09 1.598701e-05 1.306299e-04 6.838499e-03
7.400000e-09 1.702180e-05 1.374173e-04 6.996448e-03
7.500000e-09 1.812332e-05 1.445541e-04 7.157188e-03
7.600000e-09 1.929586e-05 1.520582e-04 7.320767e-03
7.700000e-09 2.054399e-05 1.599484e-04 7.487236e-03
7.800000e-09 2.187255e-05 1.682444e-04 7.656646e-03
7.900000e-09 2.328673e-05 1.769671e-04 7.829048e-03
8.000000e-09 2.479201e-05 1.861382e-04 8.004492e-03
8.100000e-09 2.639426e-05 1.957807e-04 8.183033e-03
8.200000e-09 2.809968e-05 2.059185e-04 8.364720e-03
8.300000e-09 2.991492e-05 2.165771e-04 8.549609e-03
8.400000e-09 3.184701e-05 2.277829e-04 8.737752e-03
8.500000e-09 3.390345e-05 2.395640e-04 8.929204e-03
8.600000e-09 3.609222e-05 2.519495e-04 9.124018e-03
8.700000e-09 3.842180e-05 2.649704e-04 9.322250e-03
8.800000e-09 4.090123e-05 2.786591e-04 9.523956e-03
8.900000e-09 4.354011e-05 2.930494e-04 9.729190e-03
9.000000e-09 4.634866e-05 3.081772e-04 9.938010e-03
9.100000e-09 4.933775e-05 3.240800e-04 1.015047e-02
9.200000e-09 5.251895e-05 3.407972e-04 1.036664e-02
9.300000e-09 5.590457e-05 3.583702e-04 1.058656e-02
9.400000e-09 5.950769e-05 3.768425e-04 1.081029e-02
9.500000e-09 6.334224e-05 3.962598e-04 1.103790e-02
9.600000e-09 6.742303e-05 4.166701e-04 1.126945e-02
9.700000e-09 7.176582e-05 4.381239e-04 1.150499e-02
9.800000e-09 7.638738e-05 4.606740e-04 1.174458e-02
9.900000e-09 8.130554e-05 4.843762e-04 1.198829e-02
1.000000e-08 8.653926e-05 5.092887e-04 1.223617e-02
1.010000e-08 9.210871e-05 5.354730e-04 1.248829e-02
1.020000e-08 9.803533e-05 5.629934e-04 1.274472e-02
1.030000e-08 1.043419e-04 5.919177e-04 1.300551e-02
1.040000e-08 1.110529e-04 6.223171e-04 1.327073e-02
1.050000e-08 1.181939e-04 6.542665e-04 1.354047e-02
1.060000e-08 1.257927e-04 6.878447e-04 1.381479e-02
1.070000e-08 1.338784e-04 7.231346e-04 1.409378e-02
1.080000e-08 1.424823e-04 7.602233e-04 1.437751e-02
1.090000e-08 1.516375e-04 7.992023e-04 1.466607e-02
1.100000e-08 1.613793e-04 8.401682e-04 1.495954e-02
1.110000e-08 1.717454e-04 8.832224e-04 1.525803e-02
1.120000e-08 1.827757e-04 9.284715e-04 1.556162e-02
1.130000e-08 1.945129e-04 9.760277e-04 1.587042e-02
1.140000e-08 2.070023e-04 1.026009e-03 1.618453e-02
1.150000e-08 2.202923e-04 1.078540e-03 1.650406e-02
1.160000e-08 2.344342e-04 1.133751e-03 1.682913e-02
1.170000e-08 2.494828e-04 1.191780e-03 1.715984e-02
1.180000e-08 2.654963e-04 1.252772e-03 1.749634e-02
1.190000e-08 2.825367e-04 1.316878e-03 1.783874e-02
1.200000e-08 3.006703e-04 1.384260e-03 1.818718e-02
1.210000e-08 3.199673e-04 1.455086e-03 1.854180e-02
1.220000e-08 3.405027e-04 1.529533e-03 1.890274e-02
1.230000e-08 3.623563e-04 1.607790e-03 1.927017e-02
1.240000e-08 3.856130e-04 1.690053e-03 1.964423e-02
1.250000e-08 4.103634e-04 1.776529e-03 2.002509e-02
1.260000e-08 4.367039e-04 1.867437e-03 2.041293e-02
1.270000e-08 4.647372e-04 1.963007e-03 2.080792e-02
1.280000e-08 4.945726e-04 2.063480e-03 2.121026e-02
1.290000e-08 5.263268e-04 2.169113e-03 2.162013e-02
1.300000e-08 5.601239e-04 2.280175e-03 2.203775e-02
1.310000e-08 5.960961e-04 2.396947e-03 2.246332e-02
1.320000e-08 6.343844e-04 2.519729e-03 2.289706e-02
1.330000e-08 6.751390e-04 2.648834e-03 2.333921e-02
1.340000e-08 7.185197e-04 2.784595e-03 2.379000e-02
1.350000e-08 7.646972e-04 2.927360e-03 2.424968e-02
1.360000e-08 8.138532e-04 3.077496e-03 2.471852e-02
1.370000e-08 8.661812e-04 3.235393e-03 2.519678e-02
1.380000e-08 9.218877e-04 3.401457e-03 2.568476e-02
1.390000e-08 9.811927e-04 3.576121e-03 2.618273e-02
1.400000e-08 1.044331e-03 3.759838e-03 2.669101e-02
1.410000e-08 1.111552e-03 3.953088e-03 2.720991e-02
1.420000e-08 1.183122e-03 4.156375e-03 2.773978e-02
1.430000e-08 1.259326e-03 4.370233e-03 2.828094e-02
1.440000e-08 1.340466e-03 4.595222e-03 2.883377e-02
1.450000e-08 1.426866e-03 4.831936e-03 2.939864e-02
1.460000e-08 1.518870e-03 5.081000e-03 2.997593e-02
1.470000e-08 1.616845e-03 5.343073e-03 3.056606e-02
1.480000e-08 1.721183e-03 5.618851e-03 3.116944e-02
1.490000e-08 1.832302e-03 5.909068e-03 3.178652e-02
1.500000e-08 1.950647e-03 6.214500e-03 3.241775e-02
1.510000e-08 2.076694e-03 6.535965e-03 3.306361e-02
1.520000e-08 2.210951e-03 6.874327e-03 3.372459e-02
1.530000e-08 2.353959e-03 7.230497e-03 3.440120e-02
1.540000e-08 2.506294e-03 7.605435e-03 3.509396e-02
1.550000e-08 2.668572e-03 8.000154e-03 3.580340e-02
1.560000e-08 2.841450e-03 8.415723e-03 3.653008e-02
1.570000e-08 3.025626e-03 8.853269e-03 3.727457e-02
1.580000e-08 3.221848e-03 9.313980e-03 3.803745e-02
1.590000e-08 3.430912e-03 9.799111e-03 3.881933e-02
1.600000e-08 3.653667e-03 1.030999e-02 3.962084e-02
1.610000e-08 3.891019e-03 1.084800e-02 4.044261e-02
1.620000e-08 4.143934e-03 1.141462e-02 4.128532e-02
1.630000e-08 4.413443e-03 1.201141e-02 4.214964e-02
1.640000e-08 4.700646e-03 1.264001e-02 4.303628e-02
1.650000e-08 5.006716e-03 1.330214e-02 4.394598e-02
1.660000e-08 5.332905e-03 1.399963e-02 4.487947e-02
1.670000e-08 5.680548e-03 1.473441e-02 4.583754e-02
1.680000e-08 6.051070e-03 1.550852e-02 4.682098e-02
1.690000e-08 6.445991e-03 1.632409e-02 4.783062e-02
1.700000e-08 6.866935e-03 1.718340e-02 4.886731e-02
1.710000e-08 7.315631e-03 1.808884e-02 4.993194e-02
1.720000e-08 7.793927e-03 1.904292e-02 5.102539e-02
1.730000e-08 8.303795e-03 2.004832e-02 5.214863e-02
1.740000e-08 8.847337e-03 2.110785e-02 5.330260e-02
1.750000e-08 9.426800e-03 2.222449e-02 5.448831e-02
1.760000e-08 1.004458e-02 2.340135e-02 5.570680e-02
1.770000e-08 1.070323e-02 2.464176e-02 5.695912e-02
1.780000e-08 1.140549e-02 2.594922e-02 5.824637e-02
1.790000e-08 1.215426e-02 2.732740e-02 5.956971e-02
1.800000e-08 1.295266e-02 2.878022e-02 6.093029e-02
1.810000e-08 1.380401e-02 3.031179e-02 6.232933e-02
1.820000e-08 1.471184e-02 3.192645e-02 6.376808e-02
1.830000e-08 1.567995e-02 3.362880e-02 6.524785e-02
1.840000e-08 1.671237e-02 3.542369e-02 6.676998e-02
1.850000e-08 1.781341e-02 3.731623e-02 6.833583e-02
1.860000e-08 1.898768e-02 3.931184e-02 6.994686e-02
1.870000e-08 2.024008e-02 4.141623e-02 7.160454e-02
1.880000e-08 2.157587e-02 4.363544e-02 7.331039e-02
1.890000e-08 2.300065e-02 4.597585e-02 7.506600e-02
1.900000e-08 2.452039e-02 4.844418e-02 7.687301e-02
1.910000e-08 2.614149e-02 5.104756e-02 7.873310e-02
1.920000e-08 2.787077e-02 5.379351e-02 8.064803e-02
1.930000e-08 2.971550e-02 5.668997e-02 8.261960e-02
1.940000e-08 3.168347e-02 5.974534e-02 8.464969e-02
1.950000e-08 3.378299e-02 6.296848e-02 8.674024e-02
1.960000e-08 3.602291e-02 6.636877e-02 8.889323e-02
1.970000e-08 3.841272e-02 6.995611e-02 9.111075e-02
1.980000e-08 4.096253e-02 7.374097e-02 9.339494e-02
1.990000e-08 4.368316e-02 7.773440e-02 9.574801e-02
2.000000e-08 4.639832e-02 8.168755e-02 9.803136e-02
2.010000e-08 4.889608e-02 8.521291e-02 9.975868e-02
2.020000e-08 5.136295e-02 8.856434e-02 1.010642e-01
2.030000e-08 5.379761e-02 9.173549e-02 1.019431e-01
2.040000e-08 5.619880e-02 9.472040e-02 1.023923e-01
2.050000e-08 5.856531e-02 9.751355e-02 1.024106e-01
2.060000e-08 6.089595e-02 1.001098e-01 1.019984e-01
2.070000e-08 6.318959e-02 1.025044e-01 1.011583e-01
2.080000e-08 6.544512e-02 1.046931e-01 9.989425e-02
2.090000e-08 6.766150e-02 1.066721e-01 9.821230e-02
2.100000e-08 6.983770e-02 1.084380e-01 9.612005e-02
2.110000e-08 7.197275e-02 1.099876e-01 9.362684e-02
2.120000e-08 7.406571e-02 1.113187e-01 9.074364e-02
2.130000e-08 7.611569e-02 1.124290e-01 8.748302e-02
2.140000e-08 7.812183e-02 1.133168e-01 8.385908e-02
2.150000e-08 8.008330e-02 1.139811e-01 7.988738e-02
2.160000e-08 8.199934e-02 1.144210e-01 7.558488e-02
2.170000e-08 8.386920e-02 1.146363e-01 7.096987e-02
2.180000e-08 8.569216e-02 1.146270e-01 6.606187e-02
2.190000e-08 8.746758e-02 1.143936e-01 6.088158e-02
2.200000e-08 8.919481e-02 1.139373e-01 5.545072e-02
2.210000e-08 9.087326e-02 1.132594e-01 4.979204e-02
2.220000e-08 9.250237e-02 1.123616e-01 4.392912e-02
2.230000e-08 9.408161e-02 1.112463e-01 3.788634e-02
2.240000e-08 9.561048e-02 1.099162e-01 3.168877e-02
2.250000e-08 9.708854e-02 1.083741e-01 2.536202e-02
2.260000e-08 9.851534e-02 1.066237e-01 1.893219e-02
2.270000e-08 9.989050e-02 1.046686e-01 1.242573e-02
2.280000e-08 1.012136e-01 1.025131e-01 5.869334e-03
2.290000e-08 1.024844e-01 1.001617e-01 -7.101464e-04
2.300000e-08 1.037026e-01 9.761933e-02 -7.285838e-03
2.310000e-08 1.048678e-01 9.489116e-02 -1.383094e-02
2.320000e-08 1.059798e-01 9.198277e-02 -2.031882e-02
2.330000e-08 1.070384e-01 8.890003e-02 -2.672316e-02
2.340000e-08 1.080434e-01 8.564910e-02 -3.301802e-02
2.350000e-08 1.089946e-01 8.223646e-02 -3.917794e-02
2.360000e-08 1.098919e-01 7.866883e-02 -4.517808e-02
2.370000e-08 1.107351e-01 7.495321e-02 -5.099428e-02
2.380000e-08 1.115241e-01 7.109684e-02 -5.660317e-02
2.390000e-08 1.122589e-01 6.710721e-02 -6.198224e-02
2.400000e-08 1.129395e-01 6.299202e-02 -6.710996e-02
2.410000e-08 1.135656e-01 5.875916e-02 -7.196586e-02
2.420000e-08 1.141375e-01 5.441674e-02 -7.653055e-02
2.430000e-08 1.146549e-01 4.997302e-02 -8.078590e-02
2.440000e-08 1.151181e-01 4.543644e-02 -8.471498e-02
2.450000e-08 1.155270e-01 4.081557e-02 -8.830225e-02
2.460000e-08 1.158816e-01 3.611911e-02 -9.153352e-02
2.470000e-08 1.161821e-01 3.135588e-02 -9.439606e-02
2.480000e-08 1.164285e-01 2.653481e-02 -9.687862e-02
2.490000e-08 1.166210e-01 2.166488e-02 -9.897150e-02
2.500000e-08 1.167597e-01 1.675518e-02 -1.006665e-01
2.510000e-08 1.168447e-01 1.181481e-02 -1.019572e-01
2.520000e-08 1.168761e-01 6.852928e-03 -1.028385e-01
2.530000e-08 1.168542e-01 1.878715e-03 -1.033072e-01
2.540000e-08 1.167792e-01 -3.098651e-03 -1.033616e-01
2.550000e-08 1.166511e-01 -8.070004e-03 -1.030017e-01
2.560000e-08 1.164703e-01 -1.302620e-02 -1.022291e-01
2.570000e-08 1.162370e-01 -1.795814e-02 -1.010472e-01
2.580000e-08 1.159514e-01 -2.285678e-02 -9.946081e-02
2.590000e-08 1.156138e-01 -2.771314e-02 -9.747643e-02
2.600000e-08 1.152244e-01 -3.251835e-02 -9.510214e-02
2.610000e-08 1.147835e-01 -3.726362e-02 -9.234757e-02
2.620000e-08 1.142914e-01 -4.194029e-02 -8.922383e-02
2.630000e-08 1.137484e-01 -4.653981e-02 -8.574351e-02
2.640000e-08 1.131549e-01 -5.105380e-02 -8.192060e-02
2.650000e-08 1.125112e-01 -5.547403e-02 -7.777043e-02
2.660000e-08 1.118175e-01 -5.979244e-02 -7.330963e-02
2.670000e-08 1.110743e-01 -6.400116e-02 -6.855607e-02
2.680000e-08 1.102820e-01 -6.809251e-02 -6.352875e-02
2.690000e-08 1.094409e-01 -7.205904e-02 -5.824777e-02
2.700000e-08 1.085514e-01 -7.589350e-02 -5.273423e-02
2.710000e-08 1.076139e-01 -7.958891e-02 -4.701013e-02
2.720000e-08 1.066289e-01 -8.313851e-02 -4.109834e-02
2.730000e-08 1.055967e-01 -8.653581e-02 -3.502243e-02
2.740000e-08 1.045179e-01 -8.977460e-02 -2.880666e-02
2.750000e-08 1.033929e-01 -9.284894e-02 -2.247582e-02
2.760000e-08 1.022222e-01 -9.575319e-02 -1.605517e-02
2.770000e-08 1.010062e-01 -9.848201e-02 -9.570333e-03
2.780000e-08 9.974549e-02 -1.010304e-01 -3.047183e-03
2.790000e-08 9.844058e-02 -1.033936e-01 3.488241e-03
2.800000e-08 9.709199e-02 -1.055672e-01 1.000985e-02
2.810000e-08 9.570027e-02 -1.075473e-01 1.649159e-02
2.820000e-08 9.426599e-02 -1.093301e-01 2.290757e-02
2.830000e-08 9.278973e-02 -1.109123e-01 2.923215e-02
2.840000e-08 9.127208e-02 -1.122909e-01 3.544003e-02
2.850000e-08 8.971365e-02 -1.134633e-01 4.150638e-02
2.860000e-08 8.811506e-02 -1.144273e-01 4.740689e-02
2.870000e-08 8.647696e-02 -1.151809e-01 5.311794e-02
2.880000e-08 8.480002e-02 -1.157227e-01 5.861663e-02
2.890000e-08 8.308489e-02 -1.160515e-01 6.388088e-02
2.900000e-08 8.133229e-02 -1.161666e-01 6.888955e-02
2.910000e-08 7.954290e-02 -1.160678e-01 7.362250e-02
2.920000e-08 7.771746e-02 -1.157549e-01 7.806067e-02
2.930000e-08 7.585672e-02 -1.152285e-01 8.218619e-02
2.940000e-08 7.396143e-02 -1.144894e-01 8.598239e-02
2.950000e-08 7.203236e-02 -1.135389e-01 8.943393e-02
2.960000e-08 7.007031e-02 -1.123784e-01 9.252682e-02
2.970000e-08 6.807610e-02 -1.110100e-01 9.524851e-02
2.980000e-08 6.605055e-02 -1.094361e-01 9.758791e-02
2.990000e-08 6.399451e-02 -1.076594e-01 9.953547e-02
3.000000e-08 6.190883e-02 -1.056831e-01 1.010832e-01
3.010000e-08 5.979442e-02 -1.035106e-01 1.022247e-01
3.020000e-08 5.765215e-02 -1.011459e-01 1.029551e-01
3.030000e-08 5.548295e-02 -9.859311e-02 1.032714e-01
3.040000e-08 5.328774e-02 -9.585688e-02 1.031721e-01
3.050000e-08 5.106749e-02 -9.294212e-02 1.026574e-01
3.060000e-08 4.882316e-02 -8.985411e-02 1.017291e-01
3.070000e-08 4.655572e-02 -8.659846e-02 1.003909e-01
3.080000e-08 4.426618e-02 -8.318108e-02 9.864777e-02
3.090000e-08 4.195556e-02 -7.960821e-02 9.650669e-02
3.100000e-08 3.945061e-02 -7.562215e-02 9.380863e-02
3.110000e-08 3.694220e-02 -7.159914e-02 9.103102e-02
3.120000e-08 3.459367e-02 -6.779117e-02 8.833853e-02
3.130000e-08 3.239481e-02 -6.418671e-02 8.572848e-02
3.140000e-08 3.033606e-02 -6.077482e-02 8.319828e-02
3.150000e-08 2.840846e-02 -5.754518e-02 8.074540e-02
3.160000e-08 2.660365e-02 -5.448800e-02 7.836742e-02
3.170000e-08 2.491378e-02 -5.159403e-02 7.606198e-02
3.180000e-08 2.333151e-02 -4.885451e-02 7.382680e-02
3.190000e-08 2.184999e-02 -4.626117e-02 7.165968e-02
3.200000e-08 2.046277e-02 -4.380616e-02 6.955847e-02
3.210000e-08 1.916384e-02 -4.148208e-02 6.752112e-02
3.220000e-08 1.794757e-02 -3.928190e-02 6.554562e-02
3.230000e-08 1.680868e-02 -3.719900e-02 6.363003e-02
3.240000e-08 1.574224e-02 -3.522708e-02 6.177249e-02
3.250000e-08 1.474363e-02 -3.336021e-02 5.997118e-02
3.260000e-08 1.380852e-02 -3.159277e-02 5.822434e-02
3.270000e-08 1.293288e-02 -2.991943e-02 5.653028e-02
3.280000e-08 1.211289e-02 -2.833516e-02 5.488734e-02
3.290000e-08 1.134503e-02 -2.683519e-02 5.329394e-02
3.300000e-08 1.062596e-02 -2.541502e-02 5.174854e-02
3.310000e-08 9.952587e-03 -2.407039e-02 5.024963e-02
3.320000e-08 9.321990e-03 -2.279725e-02 4.879579e-02
3.330000e-08 8.731448e-03 -2.159178e-02 4.738561e-02
3.340000e-08 8.178410e-03 -2.045038e-02 4.601773e-02
3.350000e-08 7.660488e-03 -1.936961e-02 4.469085e-02
3.360000e-08 7.175447e-03 -1.834625e-02 4.340369e-02
3.370000e-08 6.721195e-03 -1.737722e-02 4.215503e-02
3.380000e-08 6.295772e-03 -1.645963e-02 4.094368e-02
3.390000e-08 5.897345e-03 -1.559074e-02 3.976849e-02
3.400000e-08 5.524195e-03 -1.476795e-02 3.862834e-02
3.410000e-08 5.174715e-03 -1.398880e-02 3.752214e-02
3.420000e-08 4.847401e-03 -1.325096e-02 3.644887e-02
3.430000e-08 4.540842e-03 -1.255224e-02 3.540749e-02
3.440000e-08 4.253719e-03 -1.189055e-02 3.439704e-02
3.450000e-08 3.984797e-03 -1.126391e-02 3.341657e-02
3.460000e-08 3.732920e-03 -1.067046e-02 3.246514e-02
3.470000e-08 3.497004e-03 -1.010844e-02 3.154188e-02
3.480000e-08 3.276035e-03 -9.576174e-03 3.064592e-02
3.490000e-08 3.069064e-03 -9.072074e-03 2.977642e-02
3.500000e-08 2.875203e-03 -8.594645e-03 2.893258e-02
3.510000e-08 2.693617e-03 -8.142469e-03 2.811361e-02
3.520000e-08 2.523529e-03 -7.714204e-03 2.731876e-02
3.530000e-08 2.364209e-03 -7.308579e-03 2.654729e-02
3.540000e-08 2.214972e-03 -6.924391e-03 2.579848e-02
3.550000e-08 2.075180e-03 -6.560501e-03 2.507164e-02
3.560000e-08 1.944233e-03 -6.215832e-03 2.436612e-02
3.570000e-08 1.821570e-03 -5.889364e-03 2.368126e-02
3.580000e-08 1.706665e-03 -5.580130e-03 2.301643e-02
3.590000e-08 1.599027e-03 -5.287217e-03 2.237103e-02
3.600000e-08 1.498196e-03 -5.009758e-03 2.174447e-02
3.610000e-08 1.403738e-03 -4.746934e-03 2.113618e-02
3.620000e-08 1.315251e-03 -4.497969e-03 2.054560e-02
3.630000e-08 1.232357e-03 -4.262129e-03 1.997220e-02
3.640000e-08 1.154700e-03 -4.038719e-03 1.941547e-02
3.650000e-08 1.081949e-03 -3.827079e-03 1.887489e-02
3.660000e-08 1.013794e-03 -3.626587e-03 1.834999e-02
3.670000e-08 9.499425e-04 -3.436653e-03 1.784029e-02
3.680000e-08 8.901232e-04 -3.256718e-03 1.734534e-02
3.690000e-08 8.340805e-04 -3.086252e-03 1.686468e-02
3.700000e-08 7.815753e-04 -2.924755e-03 1.639790e-02
3.710000e-08 7.323839e-04 -2.771753e-03 1.594457e-02
3.720000e-08 6.862964e-04 -2.626797e-03 1.550430e-02
3.730000e-08 6.431166e-04 -2.489460e-03 1.507668e-02
3.740000e-08 6.026606e-04 -2.359342e-03 1.466135e-02
3.750000e-08 5.647560e-04 -2.236060e-03 1.425794e-02
3.760000e-08 5.292417e-04 -2.119253e-03 1.386608e-02
3.770000e-08 4.959664e-04 -2.008580e-03 1.348545e-02
3.780000e-08 4.647886e-04 -1.903716e-03 1.311569e-02
3.790000e-08 4.355758e-04 -1.804356e-03 1.275649e-02
3.800000e-08 4.082039e-04 -1.710209e-03 1.240753e-02
3.810000e-08 3.825565e-04 -1.621000e-03 1.206851e-02
3.820000e-08 3.585246e-04 -1.536469e-03 1.173913e-02
3.830000e-08 3.360064e-04 -1.456369e-03 1.141911e-02
3.840000e-08 3.149061e-04 -1.380467e-03 1.110817e-02
3.850000e-08 2.951344e-04 -1.308542e-03 1.080604e-02
3.860000e-08 2.766072e-04 -1.240383e-03 1.051246e-02
3.870000e-08 2.592461e-04 -1.175794e-03 1.022718e-02
3.880000e-08 2.429775e-04 -1.114585e-03 9.949950e-03
3.890000e-08 2.277325e-04 -1.056580e-03 9.680532e-03
3.900000e-08 2.134465e-04 -1.001609e-03 9.418697e-03
3.910000e-08 2.000590e-04 -9.495139e-04 9.164222e-03
3.920000e-08 1.875134e-04 -9.001423e-04 8.916890e-03
3.930000e-08 1.757565e-04 -8.533514e-04 8.676490e-03
3.940000e-08 1.647387e-04 -8.090057e-04 8.442818e-03
3.950000e-08 1.544134e-04 -7.669767e-04 8.215678e-03
3.960000e-08 1.447370e-04 -7.271427e-04 7.994876e-03
3.970000e-08 1.356685e-04 -6.893885e-04 7.780227e-03
3.980000e-08 1.271697e-04 -6.536050e-04 7.571550e-03
3.990000e-08 1.192047e-04 -6.196888e-04 7.368671e-03
4.000000e-08 1.117398e-04 -5.875418e-04 7.171420e-03
4.010000e-08 1.047437e-04 -5.570713e-04 6.979631e-03
4.020000e-08 9.818673e-05 -5.281895e-04 6.793145e-03
4.030000e-08 9.204131e-05 -5.008131e-04 6.611807e-03
4.040000e-08 8.628154e-05 -4.748631e-04 6.435466e-03
4.050000e-08 8.088316e-05 -4.502649e-04 6.263977e-03
4.060000e-08 7.582342e-05 -4.269476e-04 6.097198e-03
4.070000e-08 7.108103e-05 -4.048443e-04 5.934992e-03
4.080000e-08 6.663604e-05 -3.838914e-04 5.777225e-03
4.090000e-08 6.246974e-05 -3.640286e-04 5.623768e-03
4.100000e-08 5.856462e-05 -3.451990e-04 5.474495e-03
4.110000e-08 5.490426e-05 -3.273485e-04 5.329284e-03
4.120000e-08 5.147328e-05 -3.104260e-04 5.188018e-03
4.130000e-08 4.825726e-05 -2.943829e-04 5.050582e-03
4.140000e-08 4.524271e-05 -2.791733e-04 4.916863e-03
4.150000e-08 4.241697e-05 -2.647537e-04 4.786755e-03
4.160000e-08 3.976818e-05 -2.510827e-04 4.660151e-03
4.170000e-08 3.728524e-05 -2.381214e-04 4.536951e-03
4.180000e-08 3.495772e-05 -2.258326e-04 4.417055e-03
4.190000e-08 3.277588e-05 -2.141813e-04 4.300367e-03
4.200000e-08 3.073058e-05 -2.031342e-04 4.186794e-03
4.210000e-08 2.881324e-05 -1.926598e-04 4.076245e-03
4.220000e-08 2.701584e-05 -1.827283e-04 3.968633e-03
4.230000e-08 2.533086e-05 -1.733113e-04 3.863873e-03
4.240000e-08 2.375125e-05 -1.643821e-04 3.761881e-03
4.250000e-08 2.227039e-05 -1.559152e-04 3.662576e-03
4.260000e-08 2.088210e-05 -1.478866e-04 3.565881e-03
4.270000e-08 1.958058e-05 -1.402734e-04 3.471720e-03
4.280000e-08 1.836039e-05 -1.330540e-04 3.380019e-03
4.290000e-08 1.721643e-05 -1.262079e-04 3.290707e-03
4.300000e-08 1.614393e-05 -1.197157e-04 3.203713e-03
4.310000e-08 1.513841e-05 -1.135590e-04 3.118970e-03
4.320000e-08 1.419567e-05 -1.077203e-04 3.036413e-03
4.330000e-08 1.331179e-05 -1.021831e-04 2.955977e-03
4.340000e-08 1.248308e-05 -9.693176e-05 2.877601e-03
4.350000e-08 1.170608e-05 -9.195136e-05 2.801223e-03
4.360000e-08 1.097757e-05 -8.722786e-05 2.726787e-03
4.370000e-08 1.029450e-05 -8.274790e-05 2.654234e-03
4.380000e-08 9.654026e-06 -7.849883e-05 2.583510e-03
4.390000e-08 9.053494e-06 -7.446867e-05 2.514560e-03
4.400000e-08 8.490401e-06 -7.064604e-05 2.447332e-03
4.410000e-08 7.962405e-06 -6.702018e-05 2.381775e-03
4.420000e-08 7.467312e-06 -6.358087e-05 2.317840e-03
4.430000e-08 7.003064e-06 -6.031842e-05 2.255479e-03
4.440000e-08 6.567734e-06 -5.722367e-05 2.194645e-03
4.450000e-08 6.159513e-06 -5.428790e-05 2.135292e-03
4.460000e-08 5.776706e-06 -5.150287e-05 2.077376e-03
4.470000e-08 5.417727e-06 -4.886076e-05 2.020854e-03
4.480000e-08 5.081086e-06 -4.635415e-05 1.965684e-03
4.490000e-08 4.765387e-06 -4.397601e-05 1.911825e-03
4.500000e-08 4.469321e-06 -4.171968e-05 1.859238e-03
4.510000e-08 4.191662e-06 -3.957882e-05 1.807883e-03
4.520000e-08 3.931261e-06 -3.754746e-05 1.757724e-03
4.530000e-08 3.687039e-06 -3.561990e-05 1.708723e-03
4.540000e-08 3.457985e-06 -3.379076e-05 1.660845e-03
4.550000e-08 3.243151e-06 -3.205493e-05 1.614055e-03
4.560000e-08 3.041650e-06 -3.040754e-05 1.568319e-03
4.570000e-08 2.852649e-06 -2.884402e-05 1.523604e-03
4.580000e-08 2.675365e-06 -2.735999e-05 1.479878e-03
4.590000e-08 2.509068e-06 -2.595132e-05 1.437111e-03
4.600000e-08 2.353069e-06 -2.461408e-05 1.395270e-03
4.610000e-08 2.206726e-06 -2.334456e-05 1.354327e-03
4.620000e-08 2.069435e-06 -2.213921e-05 1.314252e-03
4.630000e-08 1.940628e-06 -2.099470e-05 1.275017e-03
4.640000e-08 1.819776e-06 -1.990782e-05 1.236594e-03
4.650000e-08 1.706379e-06 -1.887558e-05 1.198957e-03
4.660000e-08 1.599972e-06 -1.789510e-05 1.162079e-03
4.670000e-08 1.500114e-06 -1.696366e-05 1.125935e-03
4.680000e-08 1.406396e-06 -1.607868e-05 1.090499e-03
4.690000e-08 1.318432e-06 -1.523771e-05 1.055747e-03
4.700000e-08 1.235859e-06 -1.443842e-05 1.021655e-03
4.710000e-08 1.158338e-06 -1.367861e-05 9.881999e-04
4.720000e-08 1.085551e-06 -1.295616e-05 9.553584e-04
4.730000e-08 1.017198e-06 -1.226908e-05 9.231084e-04
4.740000e-08 9.529989e-07 -1.161548e-05 8.914280e-04
4.750000e-08 8.926896e-07 -1.099356e-05 8.602960e-04
4.760000e-08 8.360227e-07 -1.040159e-05 8.296914e-04
4.770000e-08 7.827657e-07 -9.837945e-06 7.995938e-04
4.780000e-08 7.327002e-07 -9.301077e-06 7.699831e-04
4.790000e-08 6.856208e-07 -8.789505e-06 7.408398e-04
4.800000e-08 6.413348e-07 -8.301823e-06 7.121447e-04
4.810000e-08 5.996606e-07 -7.836692e-06 6.838789e-04
4.820000e-08 5.604275e-07 -7.392833e-06 6.560241e-04
4.830000e-08 5.234751e-07 -6.969029e-06 6.285621e-04
4.840000e-08 4.886520e-07 -6.564118e-06 6.014752e-04
4.850000e-08 4.558160e-07 -6.176990e-06 5.747460e-04
4.860000e-08 4.248326e-07 -5.806587e-06 5.483574e-04
4.870000e-08 3.955754e-07 -5.451894e-06 5.222926e-04
4.880000e-08 3.679248e-07 -5.111942e-06 4.965352e-04
4.890000e-08 3.417679e-07 -4.785802e-06 4.710689e-04
4.900000e-08 3.169981e-07 -4.472585e-06 4.458778e-04
4.910000e-08 2.935141e-07 -4.171437e-06 4.209462e-04
4.920000e-08 2.712203e-07 -3.881537e-06 3.962588e-04
4.930000e-08 2.500259e-07 -3.602096e-06 3.718004e-04
4.940000e-08 2.298444e-07 -3.332355e-06 3.475559e-04
4.950000e-08 2.105938e-07 -3.071581e-06 3.235107e-04
4.960000e-08 1.921957e-07 -2.819065e-06 2.996503e-04
4.970000e-08 1.745753e-07 -2.574124e-06 2.759604e-04
4.980000e-08 1.576609e-07 -2.336094e-06 2.524267e-04
4.990000e-08 1.413839e-07 -2.104330e-06 2.290355e-04
5.000000e-08 1.256781e-07 -1.878207e-06 2.057728e-04
5.010000e-08 1.104798e-07 -1.657114e-06 1.826252e-04
5.020000e-08 9.572745e-08 -1.440455e-06 1.595791e-04
5.030000e-08 8.136118e-08 -1.227645e-06 1.366213e-04
5.040000e-08 6.732282e-08 -1.018113e-06 1.137386e-04
5.050000e-08 5.355556e-08 -8.112953e-07 9.091797e-05
5.060000e-08 4.000371e-08 -6.066363e-07 6.814653e-05
5.070000e-08 2.661249e-08 -4.035877e-07 4.541149e-05
5.080000e-08 1.332781e-08 -2.016055e-07 2.270017e-05
5.090000e-08 9.605614e-11 -1.495525e-10 3.058715e-13
