0.000000e+00 6.120893e-02
5.000000e-10 1.277973e-01
1.000000e-09 1.981691e-01
1.500000e-09 2.724261e-01
2.000000e-09 3.304566e-01
2.500000e-09 3.707408e-01
3.000000e-09 3.905806e-01
3.500000e-09 3.873962e-01
4.000000e-09 3.575386e-01
4.500000e-09 2.944837e-01
5.000000e-09 2.339520e-01
5.500000e-09 1.751968e-01
6.000000e-09 1.171069e-01
6.500000e-09 5.881306e-02
7.000000e-09 0.000000e+00
7.500000e-09 0.000000e+00
8.000000e-09 0.000000e+00
8.500000e-09 0.000000e+00
9.000000e-09 0.000000e+00
9.500000e-09 0.000000e+00
1.000000e-08 0.000000e+00
1.050000e-08 0.000000e+00
1.100000e-08 0.000000e+00
1.150000e-08 0.000000e+00
1.200000e-08 0.000000e+00
1.250000e-08 0.000000e+00
1.300000e-08 0.000000e+00
1.350000e-08 0.000000e+00
1.400000e-08 0.000000e+00
1.450000e-08 0.000000e+00
1.500000e-08 0.000000e+00
1.550000e-08 0.000000e+00
1.600000e-08 0.000000e+00
1.650000e-08 0.000000e+00
1.700000e-08 0.000000e+00
1.750000e-08 0.000000e+00
1.800000e-08 0.000000e+00
1.850000e-08 0.000000e+00
1.900000e-08 0.000000e+00
1.950000e-08 0.000000e+00
2.000000e-08 0.000000e+00
2.050000e-08 0.000000e+00
2.100000e-08 0.000000e+00
2.150000e-08 0.000000e+00
2.200000e-08 0.000000e+00
2.250000e-08 0.000000e+00
2.300000e-08 0.000000e+00
2.350000e-08 0.000000e+00
2.400000e-08 0.000000e+00
2.450000e-08 0.000000e+00
2.500000e-08 0.000000e+00
2.550000e-08 0.000000e+00
2.600000e-08 0.000000e+00
2.650000e-08 0.000000e+00
2.700000e-08 0.000000e+00
2.750000e-08 0.000000e+00
2.800000e-08 0.000000e+00
2.850000e-08 0.000000e+00
2.900000e-08 0.000000e+00
2.950000e-08 0.000000e+00
3.000000e-08 0.000000e+00
3.050000e-08 0.000000e+00
3.100000e-08 0.000000e+00
3.150000e-08 0.000000e+00
3.200000e-08 0.000000e+00
3.250000e-08 0.000000e+00
3.300000e-08 0.000000e+00
3.350000e-08 0.000000e+00
3.400000e-08 0.000000e+00
3.450000e-08 0.000000e+00
3.500000e-08 0.000000e+00
3.550000e-08 0.000000e+00
3.600000e-08 0.000000e+00
3.650000e-08 0.000000e+00
3.700000e-08 0.000000e+00
3.750000e-08 0.000000e+00
3.800000e-08 0.000000e+00
3.850000e-08 0.000000e+00
3.900000e-08 0.000000e+00
3.950000e-08 0.000000e+00
4.000000e-08 0.000000e+00
4.050000e-08 0.000000e+00
4.100000e-08 0.000000e+00
4.150000e-08 0.000000e+00
4.200000e-08 0.000000e+00
4.250000e-08 0.000000e+00
4.300000e-08 0.000000e+00
4.350000e-08 0.000000e+00
4.400000e-08 0.000000e+00
4.450000e-08 0.000000e+00
4.500000e-08 0.000000e+00
4.550000e-08 0.000000e+00
4.600000e-08 0.000000e+00
4.650000e-08 0.000000e+00
4.700000e-08 0.000000e+00
4.750000e-08 0.000000e+00
4.800000e-08 0.000000e+00
4.850000e-08 0.000000e+00
4.900000e-08 0.000000e+00
4.950000e-08 0.000000e+00
5.000000e-08 0.000000e+00
5.050000e-08 0.000000e+00
5.100000e-08 0.000000e+00
5.150000e-08 0.000000e+00
5.200000e-08 0.000000e+00
5.250000e-08 0.000000e+00
5.300000e-08 0.000000e+00
5.350000e-08 0.000000e+00
5.400000e-08 0.000000e+00
5.450000e-08 0.000000e+00
5.500000e-08 0.000000e+00
5.550000e-08 0.000000e+00
5.600000e-08 0.000000e+00
5.650000e-08 0.000000e+00
5.700000e-08 0.000000e+00
5.750000e-08 0.000000e+00
5.800000e-08 0.000000e+00
5.850000e-08 0.000000e+00
5.900000e-08 0.000000e+00
5.950000e-08 0.000000e+00
6.000000e-08 0.000000e+00
6.050000e-08 0.000000e+00
6.100000e-08 0.000000e+00
6.150000e-08 0.000000e+00
6.200000e-08 0.000000e+00
6.250000e-08 0.000000e+00
6.300000e-08 0.000000e+00
6.350000e-08 0.000000e+00
6.400000e-08 0.000000e+00
6.450000e-08 0.000000e+00
6.500000e-08 0.000000e+00
6.550000e-08 0.000000e+00
6.600000e-08 0.000000e+00
6.650000e-08 0.000000e+00
6.700000e-08 0.000000e+00
6.750000e-08 0.000000e+00
6.800000e-08 0.000000e+00
6.850000e-08 0.000000e+00
6.900000e-08 0.000000e+00
6.950000e-08 0.000000e+00
7.000000e-08 0.000000e+00
7.050000e-08 0.000000e+00
7.100000e-08 0.000000e+00
7.150000e-08 0.000000e+00
7.200000e-08 0.000000e+00
7.250000e-08 0.000000e+00
7.300000e-08 0.000000e+00
7.350000e-08 0.000000e+00
7.400000e-08 0.000000e+00
7.450000e-08 0.000000e+00
7.500000e-08 0.000000e+00
7.550000e-08 0.000000e+00
7.600000e-08 0.000000e+00
7.650000e-08 0.000000e+00
7.700000e-08 0.000000e+00
7.750000e-08 0.000000e+00
7.800000e-08 0.000000e+00
7.850000e-08 0.000000e+00
7.900000e-08 0.000000e+00
7.950000e-08 0.000000e+00
8.000000e-08 0.000000e+00
8.050000e-08 0.000000e+00
8.100000e-08 0.000000e+00
8.150000e-08 0.000000e+00
8.200000e-08 0.000000e+00
8.250000e-08 0.000000e+00
8.300000e-08 0.000000e+00
8.350000e-08 0.000000e+00
8.400000e-08 0.000000e+00
8.450000e-08 0.000000e+00
8.500000e-08 0.000000e+00
8.550000e-08 0.000000e+00
8.600000e-08 0.000000e+00
8.650000e-08 0.000000e+00
8.700000e-08 0.000000e+00
8.750000e-08 0.000000e+00
8.800000e-08 0.000000e+00
8.850000e-08 0.000000e+00
8.900000e-08 0.000000e+00
8.950000e-08 0.000000e+00
9.000000e-08 0.000000e+00
9.050000e-08 0.000000e+00
9.100000e-08 0.000000e+00
9.150000e-08 0.000000e+00
9.200000e-08 0.000000e+00
9.250000e-08 0.000000e+00
9.300000e-08 0.000000e+00
9.350000e-08 0.000000e+00
9.400000e-08 0.000000e+00
9.450000e-08 0.000000e+00
9.500000e-08 0.000000e+00
9.550000e-08 0.000000e+00
9.600000e-08 0.000000e+00
9.650000e-08 0.000000e+00
9.700000e-08 0.000000e+00
9.750000e-08 0.000000e+00
9.800000e-08 0.000000e+00
9.850000e-08 0.000000e+00
9.900000e-08 0.000000e+00
9.950000e-08 0.000000e+00
1.000000e-07 0.000000e+00
1.005000e-07 0.000000e+00
1.010000e-07 0.000000e+00
1.015000e-07 0.000000e+00
1.020000e-07 0.000000e+00
1.025000e-07 0.000000e+00
1.030000e-07 0.000000e+00
1.035000e-07 0.000000e+00
1.040000e-07 0.000000e+00
1.045000e-07 0.000000e+00
1.050000e-07 0.000000e+00
1.055000e-07 0.000000e+00
1.060000e-07 0.000000e+00
1.065000e-07 0.000000e+00
1.070000e-07 0.000000e+00
1.075000e-07 0.000000e+00
1.080000e-07 0.000000e+00
1.085000e-07 0.000000e+00
1.090000e-07 0.000000e+00
1.095000e-07 0.000000e+00
1.100000e-07 0.000000e+00
1.105000e-07 0.000000e+00
1.110000e-07 0.000000e+00
1.115000e-07 0.000000e+00
1.120000e-07 0.000000e+00
1.125000e-07 0.000000e+00
1.130000e-07 0.000000e+00
1.135000e-07 0.000000e+00
1.140000e-07 0.000000e+00
1.145000e-07 0.000000e+00
1.150000e-07 0.000000e+00
1.155000e-07 0.000000e+00
1.160000e-07 0.000000e+00
1.165000e-07 0.000000e+00
1.170000e-07 0.000000e+00
1.175000e-07 0.000000e+00
1.180000e-07 0.000000e+00
1.185000e-07 0.000000e+00
1.190000e-07 0.000000e+00
1.195000e-07 0.000000e+00
1.200000e-07 0.000000e+00
1.205000e-07 0.000000e+00
1.210000e-07 0.000000e+00
1.215000e-07 0.000000e+00
1.220000e-07 0.000000e+00
1.225000e-07 0.000000e+00
1.230000e-07 0.000000e+00
1.235000e-07 0.000000e+00
1.240000e-07 0.000000e+00
1.245000e-07 0.000000e+00
1.250000e-07 0.000000e+00
1.255000e-07 0.000000e+00
1.260000e-07 0.000000e+00
1.265000e-07 0.000000e+00
1.270000e-07 0.000000e+00
1.275000e-07 0.000000e+00
1.280000e-07 0.000000e+00
1.285000e-07 0.000000e+00
1.290000e-07 0.000000e+00
1.295000e-07 0.000000e+00
1.300000e-07 0.000000e+00
1.305000e-07 0.000000e+00
1.310000e-07 0.000000e+00
1.315000e-07 0.000000e+00
1.320000e-07 0.000000e+00
1.325000e-07 0.000000e+00
1.330000e-07 0.000000e+00
1.335000e-07 0.000000e+00
1.340000e-07 0.000000e+00
1.345000e-07 0.000000e+00
1.350000e-07 0.000000e+00
1.355000e-07 0.000000e+00
1.360000e-07 0.000000e+00
1.365000e-07 0.000000e+00
1.370000e-07 0.000000e+00
1.375000e-07 0.000000e+00
1.380000e-07 0.000000e+00
1.385000e-07 0.000000e+00
1.390000e-07 0.000000e+00
1.395000e-07 0.000000e+00
1.400000e-07 0.000000e+00
1.405000e-07 0.000000e+00
1.410000e-07 0.000000e+00
1.415000e-07 0.000000e+00
1.420000e-07 0.000000e+00
1.425000e-07 0.000000e+00
1.430000e-07 0.000000e+00
1.435000e-07 0.000000e+00
1.440000e-07 0.000000e+00
1.445000e-07 0.000000e+00
1.450000e-07 0.000000e+00
1.455000e-07 0.000000e+00
1.460000e-07 0.000000e+00
1.465000e-07 0.000000e+00
1.470000e-07 0.000000e+00
1.475000e-07 0.000000e+00
1.480000e-07 0.000000e+00
1.485000e-07 0.000000e+00
1.490000e-07 0.000000e+00
1.495000e-07 0.000000e+00
1.500000e-07 0.000000e+00
1.505000e-07 0.000000e+00
1.510000e-07 0.000000e+00
1.515000e-07 0.000000e+00
1.520000e-07 0.000000e+00
1.525000e-07 0.000000e+00
1.530000e-07 0.000000e+00
1.535000e-07 0.000000e+00
1.540000e-07 0.000000e+00
1.545000e-07 0.000000e+00
1.550000e-07 0.000000e+00
1.555000e-07 0.000000e+00
1.560000e-07 0.000000e+00
1.565000e-07 0.000000e+00
1.570000e-07 0.000000e+00
1.575000e-07 0.000000e+00
1.580000e-07 0.000000e+00
1.585000e-07 0.000000e+00
1.590000e-07 0.000000e+00
1.595000e-07 0.000000e+00
1.600000e-07 0.000000e+00
1.605000e-07 0.000000e+00
1.610000e-07 0.000000e+00
1.615000e-07 0.000000e+00
1.620000e-07 0.000000e+00
1.625000e-07 0.000000e+00
1.630000e-07 0.000000e+00
1.635000e-07 0.000000e+00
1.640000e-07 0.000000e+00
1.645000e-07 0.000000e+00
1.650000e-07 0.000000e+00
1.655000e-07 0.000000e+00
1.660000e-07 0.000000e+00
1.665000e-07 0.000000e+00
1.670000e-07 0.000000e+00
1.675000e-07 0.000000e+00
1.680000e-07 0.000000e+00
1.685000e-07 0.000000e+00
1.690000e-07 0.000000e+00
1.695000e-07 0.000000e+00
1.700000e-07 0.000000e+00
1.705000e-07 0.000000e+00
1.710000e-07 0.000000e+00
1.715000e-07 0.000000e+00
1.720000e-07 0.000000e+00
1.725000e-07 0.000000e+00
1.730000e-07 0.000000e+00
1.735000e-07 0.000000e+00
1.740000e-07 0.000000e+00
1.745000e-07 0.000000e+00
1.750000e-07 0.000000e+00
1.755000e-07 0.000000e+00
1.760000e-07 0.000000e+00
1.765000e-07 0.000000e+00
1.770000e-07 0.000000e+00
1.775000e-07 0.000000e+00
1.780000e-07 0.000000e+00
1.785000e-07 0.000000e+00
1.790000e-07 0.000000e+00
1.795000e-07 0.000000e+00
1.800000e-07 0.000000e+00
1.805000e-07 0.000000e+00
1.810000e-07 0.000000e+00
1.815000e-07 0.000000e+00
1.820000e-07 0.000000e+00
1.825000e-07 0.000000e+00
1.830000e-07 0.000000e+00
1.835000e-07 0.000000e+00
1.840000e-07 0.000000e+00
1.845000e-07 0.000000e+00
1.850000e-07 0.000000e+00
1.855000e-07 0.000000e+00
1.860000e-07 0.000000e+00
1.865000e-07 0.000000e+00
1.870000e-07 0.000000e+00
1.875000e-07 0.000000e+00
1.880000e-07 0.000000e+00
1.885000e-07 0.000000e+00
1.890000e-07 0.000000e+00
1.895000e-07 0.000000e+00
1.900000e-07 0.000000e+00
1.905000e-07 0.000000e+00
1.910000e-07 0.000000e+00
1.915000e-07 0.000000e+00
1.920000e-07 0.000000e+00
1.925000e-07 0.000000e+00
1.930000e-07 0.000000e+00
1.935000e-07 0.000000e+00
1.940000e-07 0.000000e+00
1.945000e-07 0.000000e+00
1.950000e-07 0.000000e+00
1.955000e-07 0.000000e+00
1.960000e-07 0.000000e+00
1.965000e-07 0.000000e+00
1.970000e-07 0.000000e+00
1.975000e-07 0.000000e+00
1.980000e-07 0.000000e+00
1.985000e-07 0.000000e+00
1.990000e-07 0.000000e+00
1.995000e-07 0.000000e+00
2.000000e-07 0.000000e+00
2.005000e-07 0.000000e+00
2.010000e-07 0.000000e+00
2.015000e-07 0.000000e+00
2.020000e-07 0.000000e+00
2.025000e-07 0.000000e+00
2.030000e-07 0.000000e+00
2.035000e-07 0.000000e+00
2.040000e-07 0.000000e+00
2.045000e-07 0.000000e+00
2.050000e-07 0.000000e+00
2.055000e-07 0.000000e+00
2.060000e-07 0.000000e+00
2.065000e-07 0.000000e+00
2.070000e-07 0.000000e+00
2.075000e-07 0.000000e+00
2.080000e-07 0.000000e+00
2.085000e-07 0.000000e+00
2.090000e-07 0.000000e+00
2.095000e-07 0.000000e+00
2.100000e-07 0.000000e+00
2.105000e-07 0.000000e+00
2.110000e-07 0.000000e+00
2.115000e-07 0.000000e+00
2.120000e-07 0.000000e+00
2.125000e-07 0.000000e+00
2.130000e-07 0.000000e+00
2.135000e-07 0.000000e+00
2.140000e-07 0.000000e+00
2.145000e-07 0.000000e+00
2.150000e-07 0.000000e+00
2.155000e-07 0.000000e+00
2.160000e-07 0.000000e+00
2.165000e-07 0.000000e+00
2.170000e-07 0.000000e+00
2.175000e-07 0.000000e+00
2.180000e-07 0.000000e+00
2.185000e-07 0.000000e+00
2.190000e-07 0.000000e+00
2.195000e-07 0.000000e+00
2.200000e-07 0.000000e+00
2.205000e-07 0.000000e+00
2.210000e-07 0.000000e+00
2.215000e-07 0.000000e+00
2.220000e-07 0.000000e+00
2.225000e-07 0.000000e+00
2.230000e-07 0.000000e+00
2.235000e-07 0.000000e+00
2.240000e-07 0.000000e+00
2.245000e-07 0.000000e+00
2.250000e-07 0.000000e+00
2.255000e-07 0.000000e+00
2.260000e-07 0.000000e+00
2.265000e-07 0.000000e+00
2.270000e-07 0.000000e+00
2.275000e-07 0.000000e+00
2.280000e-07 0.000000e+00
2.285000e-07 0.000000e+00
2.290000e-07 0.000000e+00
2.295000e-07 0.000000e+00
2.300000e-07 0.000000e+00
2.305000e-07 0.000000e+00
2.310000e-07 0.000000e+00
2.315000e-07 0.000000e+00
2.320000e-07 0.000000e+00
2.325000e-07 0.000000e+00
2.330000e-07 0.000000e+00
2.335000e-07 0.000000e+00
2.340000e-07 0.000000e+00
2.345000e-07 0.000000e+00
2.350000e-07 0.000000e+00
2.355000e-07 0.000000e+00
2.360000e-07 0.000000e+00
2.365000e-07 0.000000e+00
2.370000e-07 0.000000e+00
2.375000e-07 0.000000e+00
2.380000e-07 0.000000e+00
2.385000e-07 0.000000e+00
2.390000e-07 0.000000e+00
2.395000e-07 0.000000e+00
2.400000e-07 0.000000e+00
2.405000e-07 0.000000e+00
2.410000e-07 0.000000e+00
2.415000e-07 0.000000e+00
2.420000e-07 0.000000e+00
2.425000e-07 0.000000e+00
2.430000e-07 0.000000e+00
2.435000e-07 0.000000e+00
2.440000e-07 0.000000e+00
2.445000e-07 0.000000e+00
2.450000e-07 0.000000e+00
2.455000e-07 0.000000e+00
2.460000e-07 0.000000e+00
2.465000e-07 0.000000e+00
2.470000e-07 0.000000e+00
2.475000e-07 0.000000e+00
2.480000e-07 0.000000e+00
2.485000e-07 0.000000e+00
2.490000e-07 0.000000e+00
2.495000e-07 0.000000e+00
2.500000e-07 0.000000e+00
2.505000e-07 0.000000e+00
2.510000e-07 0.000000e+00
2.515000e-07 0.000000e+00
2.520000e-07 0.000000e+00
2.525000e-07 0.000000e+00
2.530000e-07 0.000000e+00
2.535000e-07 0.000000e+00
2.540000e-07 0.000000e+00
2.545000e-07 0.000000e+00
2.550000e-07 0.000000e+00
2.555000e-07 0.000000e+00
2.560000e-07 0.000000e+00
2.565000e-07 0.000000e+00
2.570000e-07 0.000000e+00
2.575000e-07 0.000000e+00
2.580000e-07 0.000000e+00
2.585000e-07 0.000000e+00
2.590000e-07 0.000000e+00
2.595000e-07 0.000000e+00
2.600000e-07 0.000000e+00
2.605000e-07 0.000000e+00
2.610000e-07 0.000000e+00
2.615000e-07 0.000000e+00
2.620000e-07 0.000000e+00
2.625000e-07 0.000000e+00
2.630000e-07 0.000000e+00
2.635000e-07 0.000000e+00
2.640000e-07 0.000000e+00
2.645000e-07 0.000000e+00
2.650000e-07 0.000000e+00
2.655000e-07 0.000000e+00
2.660000e-07 0.000000e+00
2.665000e-07 0.000000e+00
2.670000e-07 0.000000e+00
2.675000e-07 0.000000e+00
2.680000e-07 0.000000e+00
2.685000e-07 0.000000e+00
2.690000e-07 0.000000e+00
2.695000e-07 0.000000e+00
2.700000e-07 0.000000e+00
2.705000e-07 0.000000e+00
2.710000e-07 0.000000e+00
2.715000e-07 0.000000e+00
2.720000e-07 0.000000e+00
2.725000e-07 0.000000e+00
2.730000e-07 0.000000e+00
2.735000e-07 0.000000e+00
2.740000e-07 0.000000e+00
2.745000e-07 0.000000e+00
2.750000e-07 0.000000e+00
2.755000e-07 0.000000e+00
2.760000e-07 0.000000e+00
2.765000e-07 0.000000e+00
2.770000e-07 0.000000e+00
2.775000e-07 0.000000e+00
2.780000e-07 0.000000e+00
2.785000e-07 0.000000e+00
2.790000e-07 0.000000e+00
2.795000e-07 0.000000e+00
2.800000e-07 0.000000e+00
2.805000e-07 0.000000e+00
2.810000e-07 0.000000e+00
2.815000e-07 0.000000e+00
2.820000e-07 0.000000e+00
2.825000e-07 0.000000e+00
2.830000e-07 0.000000e+00
2.835000e-07 0.000000e+00
2.840000e-07 0.000000e+00
2.845000e-07 0.000000e+00
2.850000e-07 0.000000e+00
2.855000e-07 0.000000e+00
2.860000e-07 0.000000e+00
2.865000e-07 0.000000e+00
2.870000e-07 0.000000e+00
2.875000e-07 0.000000e+00
2.880000e-07 0.000000e+00
2.885000e-07 0.000000e+00
2.890000e-07 0.000000e+00
2.895000e-07 0.000000e+00
2.900000e-07 0.000000e+00
2.905000e-07 0.000000e+00
2.910000e-07 0.000000e+00
2.915000e-07 0.000000e+00
2.920000e-07 0.000000e+00
2.925000e-07 0.000000e+00
2.930000e-07 0.000000e+00
2.935000e-07 0.000000e+00
2.940000e-07 0.000000e+00
2.945000e-07 0.000000e+00
2.950000e-07 0.000000e+00
2.955000e-07 0.000000e+00
2.960000e-07 0.000000e+00
2.965000e-07 0.000000e+00
2.970000e-07 0.000000e+00
2.975000e-07 0.000000e+00
2.980000e-07 0.000000e+00
2.985000e-07 0.000000e+00
2.990000e-07 0.000000e+00
2.995000e-07 0.000000e+00
3.000000e-07 0.000000e+00
3.005000e-07 0.000000e+00
3.010000e-07 0.000000e+00
3.015000e-07 0.000000e+00
3.020000e-07 0.000000e+00
3.025000e-07 0.000000e+00
3.030000e-07 0.000000e+00
3.035000e-07 0.000000e+00
3.040000e-07 0.000000e+00
3.045000e-07 0.000000e+00
3.050000e-07 0.000000e+00
3.055000e-07 0.000000e+00
3.060000e-07 0.000000e+00
3.065000e-07 0.000000e+00
3.070000e-07 0.000000e+00
3.075000e-07 0.000000e+00
3.080000e-07 0.000000e+00
3.085000e-07 0.000000e+00
3.090000e-07 0.000000e+00
3.095000e-07 0.000000e+00
3.100000e-07 0.000000e+00
3.105000e-07 0.000000e+00
3.110000e-07 0.000000e+00
3.115000e-07 0.000000e+00
3.120000e-07 0.000000e+00
3.125000e-07 0.000000e+00
3.130000e-07 0.000000e+00
3.135000e-07 0.000000e+00
3.140000e-07 0.000000e+00
3.145000e-07 0.000000e+00
3.150000e-07 0.000000e+00
3.155000e-07 0.000000e+00
3.160000e-07 0.000000e+00
3.165000e-07 0.000000e+00
3.170000e-07 0.000000e+00
3.175000e-07 0.000000e+00
3.180000e-07 0.000000e+00
3.185000e-07 0.000000e+00
3.190000e-07 0.000000e+00
3.195000e-07 0.000000e+00
3.200000e-07 0.000000e+00
3.205000e-07 0.000000e+00
3.210000e-07 0.000000e+00
3.215000e-07 0.000000e+00
3.220000e-07 0.000000e+00
3.225000e-07 0.000000e+00
3.230000e-07 0.000000e+00
3.235000e-07 0.000000e+00
3.240000e-07 0.000000e+00
3.245000e-07 0.000000e+00
3.250000e-07 0.000000e+00
3.255000e-07 0.000000e+00
3.260000e-07 0.000000e+00
3.265000e-07 0.000000e+00
3.270000e-07 0.000000e+00
3.275000e-07 0.000000e+00
3.280000e-07 0.000000e+00
3.285000e-07 0.000000e+00
3.290000e-07 0.000000e+00
3.295000e-07 0.000000e+00
3.300000e-07 0.000000e+00
3.305000e-07 0.000000e+00
3.310000e-07 0.000000e+00
3.315000e-07 0.000000e+00
3.320000e-07 0.000000e+00
3.325000e-07 0.000000e+00
3.330000e-07 0.000000e+00
3.335000e-07 0.000000e+00
3.340000e-07 0.000000e+00
3.345000e-07 0.000000e+00
3.350000e-07 0.000000e+00
3.355000e-07 0.000000e+00
3.360000e-07 0.000000e+00
3.365000e-07 0.000000e+00
3.370000e-07 0.000000e+00
3.375000e-07 0.000000e+00
3.380000e-07 0.000000e+00
3.385000e-07 0.000000e+00
3.390000e-07 0.000000e+00
3.395000e-07 0.000000e+00
3.400000e-07 0.000000e+00
3.405000e-07 0.000000e+00
3.410000e-07 0.000000e+00
3.415000e-07 0.000000e+00
3.420000e-07 0.000000e+00
3.425000e-07 0.000000e+00
3.430000e-07 0.000000e+00
3.435000e-07 0.000000e+00
3.440000e-07 0.000000e+00
3.445000e-07 0.000000e+00
3.450000e-07 0.000000e+00
3.455000e-07 0.000000e+00
3.460000e-07 0.000000e+00
3.465000e-07 0.000000e+00
3.470000e-07 0.000000e+00
3.475000e-07 0.000000e+00
3.480000e-07 0.000000e+00
3.485000e-07 0.000000e+00
3.490000e-07 0.000000e+00
3.495000e-07 0.000000e+00
3.500000e-07 0.000000e+00
3.505000e-07 0.000000e+00
3.510000e-07 0.000000e+00
3.515000e-07 0.000000e+00
3.520000e-07 0.000000e+00
3.525000e-07 0.000000e+00
3.530000e-07 0.000000e+00
3.535000e-07 0.000000e+00
3.540000e-07 0.000000e+00
3.545000e-07 0.000000e+00
3.550000e-07 0.000000e+00
3.555000e-07 0.000000e+00
3.560000e-07 0.000000e+00
3.565000e-07 0.000000e+00
3.570000e-07 0.000000e+00
3.575000e-07 0.000000e+00
3.580000e-07 0.000000e+00
3.585000e-07 0.000000e+00
3.590000e-07 0.000000e+00
3.595000e-07 0.000000e+00
3.600000e-07 0.000000e+00
3.605000e-07 0.000000e+00
3.610000e-07 0.000000e+00
3.615000e-07 0.000000e+00
3.620000e-07 0.000000e+00
3.625000e-07 0.000000e+00
3.630000e-07 0.000000e+00
3.635000e-07 0.000000e+00
3.640000e-07 0.000000e+00
3.645000e-07 0.000000e+00
3.650000e-07 0.000000e+00
3.655000e-07 0.000000e+00
3.660000e-07 0.000000e+00
3.665000e-07 0.000000e+00
3.670000e-07 0.000000e+00
3.675000e-07 0.000000e+00
3.680000e-07 0.000000e+00
3.685000e-07 0.000000e+00
3.690000e-07 0.000000e+00
3.695000e-07 0.000000e+00
3.700000e-07 0.000000e+00
3.705000e-07 0.000000e+00
3.710000e-07 0.000000e+00
3.715000e-07 0.000000e+00
3.720000e-07 0.000000e+00
3.725000e-07 0.000000e+00
3.730000e-07 0.000000e+00
3.735000e-07 0.000000e+00
3.740000e-07 0.000000e+00
3.745000e-07 0.000000e+00
3.750000e-07 0.000000e+00
3.755000e-07 0.000000e+00
3.760000e-07 0.000000e+00
3.765000e-07 0.000000e+00
3.770000e-07 0.000000e+00
3.775000e-07 0.000000e+00
3.780000e-07 0.000000e+00
3.785000e-07 0.000000e+00
3.790000e-07 0.000000e+00
3.795000e-07 0.000000e+00
3.800000e-07 0.000000e+00
3.805000e-07 0.000000e+00
3.810000e-07 0.000000e+00
3.815000e-07 0.000000e+00
3.820000e-07 0.000000e+00
3.825000e-07 0.000000e+00
3.830000e-07 0.000000e+00
3.835000e-07 0.000000e+00
3.840000e-07 0.000000e+00
3.845000e-07 0.000000e+00
3.850000e-07 0.000000e+00
3.855000e-07 0.000000e+00
3.860000e-07 0.000000e+00
3.865000e-07 0.000000e+00
3.870000e-07 0.000000e+00
3.875000e-07 0.000000e+00
3.880000e-07 0.000000e+00
3.885000e-07 0.000000e+00
3.890000e-07 0.000000e+00
3.895000e-07 0.000000e+00
3.900000e-07 0.000000e+00
3.905000e-07 0.000000e+00
3.910000e-07 0.000000e+00
3.915000e-07 0.000000e+00
3.920000e-07 0.000000e+00
3.925000e-07 0.000000e+00
3.930000e-07 0.000000e+00
3.935000e-07 0.000000e+00
3.940000e-07 0.000000e+00
3.945000e-07 0.000000e+00
3.950000e-07 0.000000e+00
3.955000e-07 0.000000e+00
3.960000e-07 0.000000e+00
3.965000e-07 0.000000e+00
3.970000e-07 0.000000e+00
3.975000e-07 0.000000e+00
3.980000e-07 0.000000e+00
3.985000e-07 0.000000e+00
3.990000e-07 0.000000e+00
3.995000e-07 0.000000e+00
4.000000e-07 0.000000e+00
4.005000e-07 0.000000e+00
4.010000e-07 0.000000e+00
4.015000e-07 0.000000e+00
4.020000e-07 0.000000e+00
4.025000e-07 0.000000e+00
4.030000e-07 0.000000e+00
4.035000e-07 0.000000e+00
4.040000e-07 0.000000e+00
4.045000e-07 0.000000e+00
4.050000e-07 0.000000e+00
4.055000e-07 0.000000e+00
4.060000e-07 0.000000e+00
4.065000e-07 0.000000e+00
4.070000e-07 0.000000e+00
4.075000e-07 0.000000e+00
4.080000e-07 0.000000e+00
4.085000e-07 0.000000e+00
4.090000e-07 0.000000e+00
4.095000e-07 0.000000e+00
4.100000e-07 0.000000e+00
4.105000e-07 0.000000e+00
4.110000e-07 0.000000e+00
4.115000e-07 0.000000e+00
4.120000e-07 0.000000e+00
4.125000e-07 0.000000e+00
4.130000e-07 0.000000e+00
4.135000e-07 0.000000e+00
4.140000e-07 0.000000e+00
4.145000e-07 0.000000e+00
4.150000e-07 0.000000e+00
4.155000e-07 0.000000e+00
4.160000e-07 0.000000e+00
4.165000e-07 0.000000e+00
4.170000e-07 0.000000e+00
4.175000e-07 0.000000e+00
4.180000e-07 0.000000e+00
4.185000e-07 0.000000e+00
4.190000e-07 0.000000e+00
4.195000e-07 0.000000e+00
4.200000e-07 0.000000e+00
4.205000e-07 0.000000e+00
4.210000e-07 0.000000e+00
4.215000e-07 0.000000e+00
4.220000e-07 0.000000e+00
4.225000e-07 0.000000e+00
4.230000e-07 0.000000e+00
4.235000e-07 0.000000e+00
4.240000e-07 0.000000e+00
4.245000e-07 0.000000e+00
4.250000e-07 0.000000e+00
4.255000e-07 0.000000e+00
4.260000e-07 0.000000e+00
4.265000e-07 0.000000e+00
4.270000e-07 0.000000e+00
4.275000e-07 0.000000e+00
4.280000e-07 0.000000e+00
4.285000e-07 0.000000e+00
4.290000e-07 0.000000e+00
4.295000e-07 0.000000e+00
4.300000e-07 0.000000e+00
4.305000e-07 0.000000e+00
4.310000e-07 0.000000e+00
4.315000e-07 0.000000e+00
4.320000e-07 0.000000e+00
4.325000e-07 0.000000e+00
4.330000e-07 0.000000e+00
4.335000e-07 0.000000e+00
4.340000e-07 0.000000e+00
4.345000e-07 0.000000e+00
4.350000e-07 0.000000e+00
4.355000e-07 0.000000e+00
4.360000e-07 0.000000e+00
4.365000e-07 0.000000e+00
4.370000e-07 0.000000e+00
4.375000e-07 0.000000e+00
4.380000e-07 0.000000e+00
4.385000e-07 0.000000e+00
4.390000e-07 0.000000e+00
4.395000e-07 0.000000e+00
4.400000e-07 0.000000e+00
4.405000e-07 0.000000e+00
4.410000e-07 0.000000e+00
4.415000e-07 0.000000e+00
4.420000e-07 0.000000e+00
4.425000e-07 0.000000e+00
4.430000e-07 0.000000e+00
4.435000e-07 0.000000e+00
