0.000000e+00 1.893198e-19
1.000000e-10 1.893198e-19
2.000000e-10 1.893198e-19
3.000000e-10 1.893198e-19
4.000000e-10 1.893198e-19
5.000000e-10 1.893198e-19
6.000000e-10 1.893198e-19
7.000000e-10 1.893198e-19
8.000000e-10 1.893198e-19
9.000000e-10 1.893198e-19
1.000000e-09 1.893198e-19
1.100000e-09 1.893198e-19
1.200000e-09 1.893198e-19
1.300000e-09 1.893198e-19
1.400000e-09 1.893198e-19
1.500000e-09 1.893198e-19
1.600000e-09 1.893198e-19
1.700000e-09 1.893198e-19
1.800000e-09 1.893198e-19
1.900000e-09 1.893198e-19
2.000000e-09 1.893198e-19
2.100000e-09 1.893198e-19
2.200000e-09 1.893198e-19
2.300000e-09 1.893198e-19
2.400000e-09 1.893198e-19
2.500000e-09 1.893198e-19
2.600000e-09 1.893198e-19
2.700000e-09 1.893198e-19
2.800000e-09 1.893198e-19
2.900000e-09 1.893198e-19
3.000000e-09 1.893198e-19
3.100000e-09 1.893198e-19
3.200000e-09 1.893198e-19
3.300000e-09 1.893198e-19
3.400000e-09 1.893198e-19
3.500000e-09 1.893198e-19
3.600000e-09 1.893198e-19
3.700000e-09 1.893198e-19
3.800000e-09 1.893198e-19
3.900000e-09 1.893198e-19
4.000000e-09 1.893198e-19
4.100000e-09 1.893198e-19
4.200000e-09 1.893198e-19
4.300000e-09 1.893198e-19
4.400000e-09 1.893198e-19
4.500000e-09 1.893198e-19
4.600000e-09 1.893198e-19
4.700000e-09 1.893198e-19
4.800000e-09 1.893198e-19
4.900000e-09 1.893198e-19
5.000000e-09 1.893198e-19
5.100000e-09 1.893198e-19
5.200000e-09 1.893198e-19
5.300000e-09 1.893198e-19
5.400000e-09 1.893198e-19
5.500000e-09 1.893198e-19
5.600000e-09 1.893198e-19
5.700000e-09 1.893198e-19
5.800000e-09 1.893198e-19
5.900000e-09 1.893198e-19
6.000000e-09 1.893198e-19
6.100000e-09 1.893198e-19
6.200000e-09 1.893198e-19
6.300000e-09 1.893198e-19
6.400000e-09 1.893198e-19
6.500000e-09 1.893198e-19
6.600000e-09 1.893198e-19
6.700000e-09 1.893198e-19
6.800000e-09 1.893198e-19
6.900000e-09 1.893198e-19
7.000000e-09 1.893198e-19
7.100000e-09 1.893198e-19
7.200000e-09 1.893198e-19
7.300000e-09 1.893198e-19
7.400000e-09 1.893198e-19
7.500000e-09 1.893198e-19
7.600000e-09 1.893198e-19
7.700000e-09 1.893198e-19
7.800000e-09 1.893198e-19
7.900000e-09 1.893198e-19
8.000000e-09 1.893198e-19
8.100000e-09 1.893198e-19
8.200000e-09 1.893198e-19
8.300000e-09 1.893198e-19
8.400000e-09 1.893198e-19
8.500000e-09 1.893198e-19
8.600000e-09 1.893198e-19
8.700000e-09 1.893198e-19
8.800000e-09 1.893198e-19
8.900000e-09 1.893198e-19
9.000000e-09 1.893198e-19
9.100000e-09 1.893198e-19
9.200000e-09 1.893198e-19
9.300000e-09 1.893198e-19
9.400000e-09 1.893198e-19
9.500000e-09 1.893198e-19
9.600000e-09 1.893198e-19
9.700000e-09 1.893198e-19
9.800000e-09 1.893198e-19
9.900000e-09 1.893198e-19
1.000000e-08 1.893204e-19
1.010000e-08 1.893222e-19
1.020000e-08 1.893252e-19
1.030000e-08 1.893294e-19
1.040000e-08 1.893348e-19
1.050000e-08 1.893414e-19
1.060000e-08 1.893492e-19
1.070000e-08 1.893583e-19
1.080000e-08 1.893685e-19
1.090000e-08 1.893799e-19
1.100000e-08 1.893926e-19
1.110000e-08 1.894064e-19
1.120000e-08 1.894214e-19
1.130000e-08 1.894377e-19
1.140000e-08 1.894551e-19
1.150000e-08 1.894738e-19
1.160000e-08 1.894936e-19
1.170000e-08 1.895147e-19
1.180000e-08 1.895369e-19
1.190000e-08 1.895604e-19
1.200000e-08 1.895851e-19
1.210000e-08 1.896109e-19
1.220000e-08 1.896380e-19
1.230000e-08 1.896663e-19
1.240000e-08 1.896958e-19
1.250000e-08 1.897264e-19
1.260000e-08 1.897583e-19
1.270000e-08 1.897914e-19
1.280000e-08 1.898257e-19
1.290000e-08 1.898612e-19
1.300000e-08 1.898979e-19
1.310000e-08 1.899358e-19
1.320000e-08 1.899749e-19
1.330000e-08 1.900152e-19
1.340000e-08 1.900567e-19
1.350000e-08 1.900994e-19
1.360000e-08 1.901433e-19
1.370000e-08 1.901884e-19
1.380000e-08 1.902348e-19
1.390000e-08 1.902823e-19
1.400000e-08 1.903310e-19
1.410000e-08 1.903810e-19
1.420000e-08 1.904321e-19
1.430000e-08 1.904844e-19
1.440000e-08 1.905380e-19
1.450000e-08 1.905927e-19
1.460000e-08 1.906486e-19
1.470000e-08 1.907058e-19
1.480000e-08 1.907641e-19
1.490000e-08 1.908237e-19
1.500000e-08 1.908839e-19
1.510000e-08 1.909440e-19
1.520000e-08 1.910042e-19
1.530000e-08 1.910643e-19
1.540000e-08 1.911245e-19
1.550000e-08 1.911846e-19
1.560000e-08 1.912448e-19
1.570000e-08 1.913049e-19
1.580000e-08 1.913651e-19
1.590000e-08 1.914252e-19
1.600000e-08 1.914854e-19
1.610000e-08 1.915455e-19
1.620000e-08 1.916056e-19
1.630000e-08 1.916658e-19
1.640000e-08 1.917259e-19
1.650000e-08 1.917861e-19
1.660000e-08 1.918462e-19
1.670000e-08 1.919063e-19
1.680000e-08 1.919664e-19
1.690000e-08 1.920266e-19
1.700000e-08 1.920867e-19
1.710000e-08 1.921468e-19
1.720000e-08 1.922069e-19
1.730000e-08 1.922670e-19
1.740000e-08 1.923271e-19
1.750000e-08 1.923872e-19
1.760000e-08 1.924472e-19
1.770000e-08 1.925073e-19
1.780000e-08 1.925673e-19
1.790000e-08 1.926273e-19
1.800000e-08 1.926873e-19
1.810000e-08 1.927473e-19
1.820000e-08 1.928073e-19
1.830000e-08 1.928672e-19
1.840000e-08 1.929271e-19
1.850000e-08 1.929870e-19
1.860000e-08 1.930469e-19
1.870000e-08 1.931066e-19
1.880000e-08 1.931664e-19
1.890000e-08 1.932261e-19
1.900000e-08 1.932857e-19
1.910000e-08 1.933452e-19
1.920000e-08 1.934047e-19
1.930000e-08 1.934641e-19
1.940000e-08 1.935233e-19
1.950000e-08 1.935825e-19
1.960000e-08 1.936415e-19
1.970000e-08 1.937003e-19
1.980000e-08 1.937590e-19
1.990000e-08 1.938175e-19
2.000000e-08 1.526725e-19
2.010000e-08 1.527266e-19
2.020000e-08 1.527805e-19
2.030000e-08 1.528341e-19
2.040000e-08 1.528874e-19
2.050000e-08 1.529403e-19
2.060000e-08 1.529929e-19
2.070000e-08 1.530450e-19
2.080000e-08 1.530968e-19
2.090000e-08 1.531480e-19
2.100000e-08 1.531988e-19
2.110000e-08 1.532490e-19
2.120000e-08 1.532986e-19
2.130000e-08 1.533477e-19
2.140000e-08 1.533961e-19
2.150000e-08 1.534439e-19
2.160000e-08 1.534910e-19
2.170000e-08 1.535373e-19
2.180000e-08 1.535829e-19
2.190000e-08 1.536277e-19
2.200000e-08 1.536717e-19
2.210000e-08 1.537148e-19
2.220000e-08 1.537571e-19
2.230000e-08 1.537984e-19
2.240000e-08 1.538387e-19
2.250000e-08 1.538781e-19
2.260000e-08 1.539165e-19
2.270000e-08 1.539538e-19
2.280000e-08 1.539900e-19
2.290000e-08 1.540251e-19
2.300000e-08 1.540592e-19
2.310000e-08 1.540920e-19
2.320000e-08 1.541237e-19
2.330000e-08 1.541541e-19
2.340000e-08 1.541833e-19
2.350000e-08 1.542113e-19
2.360000e-08 1.542379e-19
2.370000e-08 1.542633e-19
2.380000e-08 1.542874e-19
2.390000e-08 1.543100e-19
2.400000e-08 1.543314e-19
2.410000e-08 1.543513e-19
2.420000e-08 1.543699e-19
2.430000e-08 1.543870e-19
2.440000e-08 1.544027e-19
2.450000e-08 1.544169e-19
2.460000e-08 1.544297e-19
2.470000e-08 1.544411e-19
2.480000e-08 1.544509e-19
2.490000e-08 1.544593e-19
2.500000e-08 1.544662e-19
2.510000e-08 1.544715e-19
2.520000e-08 1.544754e-19
2.530000e-08 1.544778e-19
2.540000e-08 1.544787e-19
2.550000e-08 1.544780e-19
2.560000e-08 1.544758e-19
2.570000e-08 1.544722e-19
2.580000e-08 1.544670e-19
2.590000e-08 1.544604e-19
2.600000e-08 1.544522e-19
2.610000e-08 1.544425e-19
2.620000e-08 1.544314e-19
2.630000e-08 1.544188e-19
2.640000e-08 1.544048e-19
2.650000e-08 1.543893e-19
2.660000e-08 1.543723e-19
2.670000e-08 1.543540e-19
2.680000e-08 1.543342e-19
2.690000e-08 1.543131e-19
2.700000e-08 1.542906e-19
2.710000e-08 1.542667e-19
2.720000e-08 1.542415e-19
2.730000e-08 1.542150e-19
2.740000e-08 1.541872e-19
2.750000e-08 1.541582e-19
2.760000e-08 1.541279e-19
2.770000e-08 1.540964e-19
2.780000e-08 1.540637e-19
2.790000e-08 1.540298e-19
2.800000e-08 1.539948e-19
2.810000e-08 1.539587e-19
2.820000e-08 1.539215e-19
2.830000e-08 1.538833e-19
2.840000e-08 1.538440e-19
2.850000e-08 1.538038e-19
2.860000e-08 1.537626e-19
2.870000e-08 1.537204e-19
2.880000e-08 1.536774e-19
2.890000e-08 1.536335e-19
2.900000e-08 1.535888e-19
2.910000e-08 1.535433e-19
2.920000e-08 1.534970e-19
2.930000e-08 1.534500e-19
2.940000e-08 1.534023e-19
2.950000e-08 1.533539e-19
2.960000e-08 1.533049e-19
2.970000e-08 1.532553e-19
2.980000e-08 1.532051e-19
2.990000e-08 1.531544e-19
3.000000e-08 1.531032e-19
3.010000e-08 1.530515e-19
3.020000e-08 1.529994e-19
3.030000e-08 1.529469e-19
3.040000e-08 1.528940e-19
3.050000e-08 1.528407e-19
3.060000e-08 1.527871e-19
3.070000e-08 1.527333e-19
3.080000e-08 1.526791e-19
3.090000e-08 1.526247e-19
3.100000e-08 1.937657e-19
3.110000e-08 1.937070e-19
3.120000e-08 1.936482e-19
3.130000e-08 1.935892e-19
3.140000e-08 1.935301e-19
3.150000e-08 1.934708e-19
3.160000e-08 1.934114e-19
3.170000e-08 1.933520e-19
3.180000e-08 1.932924e-19
3.190000e-08 1.932328e-19
3.200000e-08 1.931731e-19
3.210000e-08 1.931134e-19
3.220000e-08 1.930536e-19
3.230000e-08 1.929938e-19
3.240000e-08 1.929339e-19
3.250000e-08 1.928740e-19
3.260000e-08 1.928141e-19
3.270000e-08 1.927541e-19
3.280000e-08 1.926941e-19
3.290000e-08 1.926341e-19
3.300000e-08 1.925741e-19
3.310000e-08 1.925141e-19
3.320000e-08 1.924540e-19
3.330000e-08 1.923939e-19
3.340000e-08 1.923339e-19
3.350000e-08 1.922738e-19
3.360000e-08 1.922137e-19
3.370000e-08 1.921536e-19
3.380000e-08 1.920935e-19
3.390000e-08 1.920333e-19
3.400000e-08 1.919732e-19
3.410000e-08 1.919131e-19
3.420000e-08 1.918530e-19
3.430000e-08 1.917928e-19
3.440000e-08 1.917327e-19
3.450000e-08 1.916726e-19
3.460000e-08 1.916124e-19
3.470000e-08 1.915523e-19
3.480000e-08 1.914921e-19
3.490000e-08 1.914320e-19
3.500000e-08 1.913719e-19
3.510000e-08 1.913117e-19
3.520000e-08 1.912516e-19
3.530000e-08 1.911914e-19
3.540000e-08 1.911313e-19
3.550000e-08 1.910711e-19
3.560000e-08 1.910109e-19
3.570000e-08 1.909508e-19
3.580000e-08 1.908906e-19
3.590000e-08 1.908305e-19
3.600000e-08 1.907709e-19
3.610000e-08 1.907126e-19
3.620000e-08 1.906554e-19
3.630000e-08 1.905995e-19
3.640000e-08 1.905447e-19
3.650000e-08 1.904912e-19
3.660000e-08 1.904389e-19
3.670000e-08 1.903877e-19
3.680000e-08 1.903378e-19
3.690000e-08 1.902891e-19
3.700000e-08 1.902416e-19
3.710000e-08 1.901952e-19
3.720000e-08 1.901501e-19
3.730000e-08 1.901062e-19
3.740000e-08 1.900635e-19
3.750000e-08 1.900220e-19
3.760000e-08 1.899817e-19
3.770000e-08 1.899426e-19
3.780000e-08 1.899047e-19
3.790000e-08 1.898680e-19
3.800000e-08 1.898325e-19
3.810000e-08 1.897982e-19
3.820000e-08 1.897651e-19
3.830000e-08 1.897332e-19
3.840000e-08 1.897025e-19
3.850000e-08 1.896731e-19
3.860000e-08 1.896448e-19
3.870000e-08 1.896177e-19
3.880000e-08 1.895918e-19
3.890000e-08 1.895672e-19
3.900000e-08 1.895437e-19
3.910000e-08 1.895215e-19
3.920000e-08 1.895004e-19
3.930000e-08 1.894806e-19
3.940000e-08 1.894619e-19
3.950000e-08 1.894445e-19
3.960000e-08 1.894282e-19
3.970000e-08 1.894132e-19
3.980000e-08 1.893993e-19
3.990000e-08 1.893867e-19
4.000000e-08 1.893753e-19
4.010000e-08 1.893651e-19
4.020000e-08 1.893560e-19
4.030000e-08 1.893482e-19
4.040000e-08 1.893416e-19
4.050000e-08 1.893362e-19
4.060000e-08 1.893320e-19
4.070000e-08 1.893290e-19
4.080000e-08 1.893272e-19
4.090000e-08 1.893265e-19
4.100000e-08 1.893265e-19
4.110000e-08 1.893265e-19
4.120000e-08 1.893265e-19
4.130000e-08 1.893265e-19
4.140000e-08 1.893265e-19
4.150000e-08 1.893265e-19
4.160000e-08 1.893265e-19
4.170000e-08 1.893265e-19
4.180000e-08 1.893265e-19
4.190000e-08 1.893266e-19
4.200000e-08 1.893266e-19
4.210000e-08 1.893266e-19
4.220000e-08 1.893266e-19
4.230000e-08 1.893266e-19
4.240000e-08 1.893266e-19
4.250000e-08 1.893266e-19
4.260000e-08 1.893266e-19
4.270000e-08 1.893266e-19
4.280000e-08 1.893266e-19
4.290000e-08 1.893266e-19
4.300000e-08 1.893266e-19
4.310000e-08 1.893266e-19
4.320000e-08 1.893266e-19
4.330000e-08 1.893266e-19
4.340000e-08 1.893266e-19
4.350000e-08 1.893266e-19
4.360000e-08 1.893266e-19
4.370000e-08 1.893266e-19
4.380000e-08 1.893266e-19
4.390000e-08 1.893266e-19
4.400000e-08 1.893266e-19
4.410000e-08 1.893266e-19
4.420000e-08 1.893266e-19
4.430000e-08 1.893266e-19
4.440000e-08 1.893266e-19
4.450000e-08 1.893266e-19
4.460000e-08 1.893266e-19
4.470000e-08 1.893266e-19
4.480000e-08 1.893266e-19
4.490000e-08 1.893266e-19
4.500000e-08 1.893266e-19
4.510000e-08 1.893266e-19
4.520000e-08 1.893266e-19
4.530000e-08 1.893266e-19
4.540000e-08 1.893266e-19
4.550000e-08 1.893266e-19
4.560000e-08 1.893266e-19
4.570000e-08 1.893266e-19
4.580000e-08 1.893266e-19
4.590000e-08 1.893266e-19
4.600000e-08 1.893266e-19
4.610000e-08 1.893266e-19
4.620000e-08 1.893266e-19
4.630000e-08 1.893266e-19
4.640000e-08 1.893266e-19
4.650000e-08 1.893266e-19
4.660000e-08 1.893266e-19
4.670000e-08 1.893266e-19
4.680000e-08 1.893266e-19
4.690000e-08 1.893266e-19
4.700000e-08 1.893266e-19
4.710000e-08 1.893266e-19
4.720000e-08 1.893266e-19
4.730000e-08 1.893266e-19
4.740000e-08 1.893266e-19
4.750000e-08 1.893266e-19
4.760000e-08 1.893266e-19
4.770000e-08 1.893266e-19
4.780000e-08 1.893266e-19
4.790000e-08 1.893266e-19
4.800000e-08 1.893266e-19
4.810000e-08 1.893266e-19
4.820000e-08 1.893266e-19
4.830000e-08 1.893266e-19
4.840000e-08 1.893266e-19
4.850000e-08 1.893266e-19
4.860000e-08 1.893266e-19
4.870000e-08 1.893266e-19
4.880000e-08 1.893266e-19
4.890000e-08 1.893266e-19
4.900000e-08 1.893266e-19
4.910000e-08 1.893266e-19
4.920000e-08 1.893266e-19
4.930000e-08 1.893266e-19
4.940000e-08 1.893266e-19
4.950000e-08 1.893266e-19
4.960000e-08 1.893266e-19
4.970000e-08 1.893266e-19
4.980000e-08 1.893266e-19
4.990000e-08 1.893266e-19
5.000000e-08 1.893266e-19
5.010000e-08 1.893266e-19
5.020000e-08 1.893266e-19
5.030000e-08 1.893266e-19
5.040000e-08 1.893266e-19
5.050000e-08 1.893266e-19
5.060000e-08 1.893266e-19
5.070000e-08 1.893266e-19
5.080000e-08 1.893266e-19
5.090000e-08 1.893266e-19
